{
 "cells": [
  {
   "cell_type": "code",
   "execution_count": 1,
   "id": "b56f1a54",
   "metadata": {},
   "outputs": [],
   "source": [
    "# PART ONE: DISTANCE MATRIX FROM OPEN ROUTE SERVICE"
   ]
  },
  {
   "cell_type": "code",
   "execution_count": 2,
   "id": "f7d09bbb",
   "metadata": {},
   "outputs": [],
   "source": [
    "# Get Lat and Long into Dataframe"
   ]
  },
  {
   "cell_type": "code",
   "execution_count": 3,
   "id": "31804137",
   "metadata": {},
   "outputs": [],
   "source": [
    "import pandas as pd\n",
    "import requests\n",
    "import matplotlib.pyplot as plt\n",
    "import networkx as nx"
   ]
  },
  {
   "cell_type": "code",
   "execution_count": 4,
   "id": "09aa823c",
   "metadata": {},
   "outputs": [],
   "source": [
    "data = pd.read_csv('locations.csv')"
   ]
  },
  {
   "cell_type": "code",
   "execution_count": 5,
   "id": "68593789",
   "metadata": {},
   "outputs": [
    {
     "data": {
      "text/html": [
       "<div>\n",
       "<style scoped>\n",
       "    .dataframe tbody tr th:only-of-type {\n",
       "        vertical-align: middle;\n",
       "    }\n",
       "\n",
       "    .dataframe tbody tr th {\n",
       "        vertical-align: top;\n",
       "    }\n",
       "\n",
       "    .dataframe thead th {\n",
       "        text-align: right;\n",
       "    }\n",
       "</style>\n",
       "<table border=\"1\" class=\"dataframe\">\n",
       "  <thead>\n",
       "    <tr style=\"text-align: right;\">\n",
       "      <th></th>\n",
       "      <th>Name</th>\n",
       "      <th>Latitude</th>\n",
       "      <th>Longitude</th>\n",
       "    </tr>\n",
       "  </thead>\n",
       "  <tbody>\n",
       "    <tr>\n",
       "      <th>0</th>\n",
       "      <td>A</td>\n",
       "      <td>41.869</td>\n",
       "      <td>-87.628</td>\n",
       "    </tr>\n",
       "    <tr>\n",
       "      <th>1</th>\n",
       "      <td>B</td>\n",
       "      <td>41.869</td>\n",
       "      <td>-87.629</td>\n",
       "    </tr>\n",
       "    <tr>\n",
       "      <th>2</th>\n",
       "      <td>C</td>\n",
       "      <td>41.869</td>\n",
       "      <td>-87.630</td>\n",
       "    </tr>\n",
       "    <tr>\n",
       "      <th>3</th>\n",
       "      <td>D</td>\n",
       "      <td>41.869</td>\n",
       "      <td>-87.631</td>\n",
       "    </tr>\n",
       "    <tr>\n",
       "      <th>4</th>\n",
       "      <td>E</td>\n",
       "      <td>41.869</td>\n",
       "      <td>-87.632</td>\n",
       "    </tr>\n",
       "  </tbody>\n",
       "</table>\n",
       "</div>"
      ],
      "text/plain": [
       "  Name  Latitude  Longitude\n",
       "0    A    41.869    -87.628\n",
       "1    B    41.869    -87.629\n",
       "2    C    41.869    -87.630\n",
       "3    D    41.869    -87.631\n",
       "4    E    41.869    -87.632"
      ]
     },
     "execution_count": 5,
     "metadata": {},
     "output_type": "execute_result"
    }
   ],
   "source": [
    "data.head()"
   ]
  },
  {
   "cell_type": "code",
   "execution_count": 6,
   "id": "e529756f",
   "metadata": {},
   "outputs": [],
   "source": [
    "# Pull Lat and Long Coords into List"
   ]
  },
  {
   "cell_type": "code",
   "execution_count": 7,
   "id": "f6bfb3b4",
   "metadata": {},
   "outputs": [],
   "source": [
    "locations = list(zip(data.Longitude, data.Latitude))"
   ]
  },
  {
   "cell_type": "code",
   "execution_count": 8,
   "id": "3ccfe26e",
   "metadata": {},
   "outputs": [
    {
     "name": "stdout",
     "output_type": "stream",
     "text": [
      "[(-87.628, 41.869), (-87.629, 41.869), (-87.63, 41.869), (-87.631, 41.869), (-87.632, 41.869), (-87.628, 41.868), (-87.629, 41.868), (-87.63, 41.868), (-87.631, 41.868), (-87.632, 41.868), (-87.628, 41.867), (-87.629, 41.867), (-87.63, 41.867), (-87.631, 41.867), (-87.632, 41.867), (-87.628, 41.866), (-87.629, 41.866), (-87.63, 41.866), (-87.631, 41.866), (-87.632, 41.866), (-87.628, 41.865), (-87.629, 41.865), (-87.63, 41.865), (-87.631, 41.865), (-87.632, 41.865)]\n"
     ]
    },
    {
     "data": {
      "text/plain": [
       "list"
      ]
     },
     "execution_count": 8,
     "metadata": {},
     "output_type": "execute_result"
    }
   ],
   "source": [
    "print(locations)\n",
    "type(locations)"
   ]
  },
  {
   "cell_type": "code",
   "execution_count": 9,
   "id": "24efa35b",
   "metadata": {},
   "outputs": [],
   "source": [
    "# Calling the API\n",
    "## Tutorial for using the API from https://www.youtube.com/watch?v=XNHU9vxGiJw"
   ]
  },
  {
   "cell_type": "code",
   "execution_count": 10,
   "id": "b80eb828",
   "metadata": {},
   "outputs": [],
   "source": [
    "ORS_API_KEY = '5b3ce3597851110001cf624894d872a97a6d4ec7bc1f8b0ebc1db70b'"
   ]
  },
  {
   "cell_type": "code",
   "execution_count": 11,
   "id": "f5728067",
   "metadata": {},
   "outputs": [],
   "source": [
    "body = {'locations': locations,\n",
    "       'metrics': ['distance']}\n",
    "\n",
    "headers = {\n",
    "    'Accept': 'application/json, application/geo+json, application/gpx+xml, img/png; charset=utf-8',\n",
    "    'Authorization': ORS_API_KEY,\n",
    "    'Content-Type': 'application/json; chrset=utf-8'\n",
    "}\n",
    "\n",
    "response = requests.post('https://api.openrouteservice.org/v2/matrix/foot-walking', json=body, headers=headers)"
   ]
  },
  {
   "cell_type": "code",
   "execution_count": 12,
   "id": "f965833b",
   "metadata": {},
   "outputs": [
    {
     "data": {
      "text/plain": [
       "[[0.0,\n",
       "  93.6,\n",
       "  268.16,\n",
       "  714.34,\n",
       "  784.67,\n",
       "  204.38,\n",
       "  167.12,\n",
       "  272.53,\n",
       "  573.79,\n",
       "  724.67,\n",
       "  319.71,\n",
       "  296.03,\n",
       "  458.01,\n",
       "  582.65,\n",
       "  665.1,\n",
       "  430.89,\n",
       "  443.35,\n",
       "  508.8,\n",
       "  1032.06,\n",
       "  1031.78,\n",
       "  717.33,\n",
       "  544.39,\n",
       "  775.73,\n",
       "  914.82,\n",
       "  920.18],\n",
       " [93.6,\n",
       "  0.0,\n",
       "  228.14,\n",
       "  706.72,\n",
       "  777.05,\n",
       "  196.76,\n",
       "  127.64,\n",
       "  232.51,\n",
       "  566.17,\n",
       "  717.05,\n",
       "  290.38,\n",
       "  266.7,\n",
       "  428.68,\n",
       "  575.03,\n",
       "  657.48,\n",
       "  401.56,\n",
       "  414.02,\n",
       "  479.48,\n",
       "  1024.44,\n",
       "  1024.16,\n",
       "  688.01,\n",
       "  515.07,\n",
       "  768.11,\n",
       "  907.2,\n",
       "  912.56],\n",
       " [268.16,\n",
       "  228.14,\n",
       "  0.0,\n",
       "  845.51,\n",
       "  915.83,\n",
       "  335.55,\n",
       "  244.33,\n",
       "  222.82,\n",
       "  704.96,\n",
       "  855.84,\n",
       "  407.06,\n",
       "  383.38,\n",
       "  545.37,\n",
       "  698.74,\n",
       "  781.18,\n",
       "  518.24,\n",
       "  530.7,\n",
       "  596.16,\n",
       "  1163.23,\n",
       "  1162.95,\n",
       "  804.69,\n",
       "  631.75,\n",
       "  891.81,\n",
       "  1030.9,\n",
       "  1036.26],\n",
       " [714.34,\n",
       "  706.72,\n",
       "  845.51,\n",
       "  0.0,\n",
       "  122.46,\n",
       "  509.96,\n",
       "  660.25,\n",
       "  763.97,\n",
       "  140.55,\n",
       "  396.1,\n",
       "  636.71,\n",
       "  613.03,\n",
       "  775.01,\n",
       "  255.04,\n",
       "  337.49,\n",
       "  747.89,\n",
       "  760.35,\n",
       "  825.81,\n",
       "  369.85,\n",
       "  369.57,\n",
       "  945.91,\n",
       "  861.39,\n",
       "  500.75,\n",
       "  480.81,\n",
       "  475.45],\n",
       " [784.67,\n",
       "  777.05,\n",
       "  915.84,\n",
       "  122.46,\n",
       "  0.0,\n",
       "  580.29,\n",
       "  730.58,\n",
       "  834.3,\n",
       "  210.88,\n",
       "  466.43,\n",
       "  707.04,\n",
       "  683.36,\n",
       "  845.34,\n",
       "  325.37,\n",
       "  407.81,\n",
       "  818.22,\n",
       "  830.68,\n",
       "  896.14,\n",
       "  440.18,\n",
       "  439.9,\n",
       "  1016.24,\n",
       "  931.72,\n",
       "  571.08,\n",
       "  551.14,\n",
       "  545.78],\n",
       " [204.38,\n",
       "  196.76,\n",
       "  335.55,\n",
       "  509.96,\n",
       "  580.29,\n",
       "  0.0,\n",
       "  150.29,\n",
       "  336.66,\n",
       "  369.41,\n",
       "  520.29,\n",
       "  256.93,\n",
       "  233.25,\n",
       "  395.23,\n",
       "  378.27,\n",
       "  460.72,\n",
       "  368.11,\n",
       "  380.57,\n",
       "  446.03,\n",
       "  827.68,\n",
       "  827.4,\n",
       "  566.13,\n",
       "  481.61,\n",
       "  571.35,\n",
       "  710.44,\n",
       "  715.8],\n",
       " [167.12,\n",
       "  127.64,\n",
       "  244.33,\n",
       "  660.25,\n",
       "  730.58,\n",
       "  150.29,\n",
       "  0.0,\n",
       "  248.69,\n",
       "  519.7,\n",
       "  670.59,\n",
       "  221.81,\n",
       "  198.13,\n",
       "  360.11,\n",
       "  513.48,\n",
       "  595.93,\n",
       "  332.99,\n",
       "  345.45,\n",
       "  410.9,\n",
       "  977.97,\n",
       "  977.69,\n",
       "  619.43,\n",
       "  446.49,\n",
       "  706.55,\n",
       "  845.64,\n",
       "  851.0],\n",
       " [272.53,\n",
       "  232.51,\n",
       "  222.82,\n",
       "  763.97,\n",
       "  834.3,\n",
       "  336.66,\n",
       "  248.69,\n",
       "  0.0,\n",
       "  623.42,\n",
       "  773.21,\n",
       "  276.65,\n",
       "  252.97,\n",
       "  414.95,\n",
       "  568.32,\n",
       "  650.77,\n",
       "  387.83,\n",
       "  400.29,\n",
       "  465.75,\n",
       "  1081.69,\n",
       "  1081.41,\n",
       "  674.28,\n",
       "  501.33,\n",
       "  761.4,\n",
       "  900.49,\n",
       "  905.84],\n",
       " [573.79,\n",
       "  566.17,\n",
       "  704.96,\n",
       "  140.55,\n",
       "  210.88,\n",
       "  369.41,\n",
       "  519.7,\n",
       "  623.42,\n",
       "  0.0,\n",
       "  255.56,\n",
       "  496.16,\n",
       "  472.48,\n",
       "  634.47,\n",
       "  114.49,\n",
       "  196.94,\n",
       "  607.34,\n",
       "  619.8,\n",
       "  685.26,\n",
       "  458.28,\n",
       "  458.0,\n",
       "  805.36,\n",
       "  720.85,\n",
       "  360.2,\n",
       "  487.18,\n",
       "  492.54],\n",
       " [724.67,\n",
       "  717.05,\n",
       "  855.84,\n",
       "  396.1,\n",
       "  466.43,\n",
       "  520.29,\n",
       "  670.59,\n",
       "  773.21,\n",
       "  255.56,\n",
       "  0.0,\n",
       "  645.96,\n",
       "  622.28,\n",
       "  784.26,\n",
       "  206.32,\n",
       "  123.87,\n",
       "  757.14,\n",
       "  769.6,\n",
       "  835.06,\n",
       "  713.83,\n",
       "  713.55,\n",
       "  955.16,\n",
       "  870.64,\n",
       "  507.19,\n",
       "  634.17,\n",
       "  639.53],\n",
       " [319.71,\n",
       "  290.38,\n",
       "  407.06,\n",
       "  636.71,\n",
       "  707.04,\n",
       "  256.93,\n",
       "  221.81,\n",
       "  276.65,\n",
       "  496.16,\n",
       "  645.96,\n",
       "  0.0,\n",
       "  104.21,\n",
       "  266.19,\n",
       "  441.06,\n",
       "  523.51,\n",
       "  111.18,\n",
       "  251.53,\n",
       "  316.98,\n",
       "  954.43,\n",
       "  954.16,\n",
       "  503.01,\n",
       "  352.57,\n",
       "  634.14,\n",
       "  773.23,\n",
       "  778.59],\n",
       " [296.03,\n",
       "  266.7,\n",
       "  383.38,\n",
       "  613.03,\n",
       "  683.36,\n",
       "  233.25,\n",
       "  198.13,\n",
       "  252.97,\n",
       "  472.48,\n",
       "  622.28,\n",
       "  104.21,\n",
       "  0.0,\n",
       "  161.98,\n",
       "  417.39,\n",
       "  499.83,\n",
       "  215.39,\n",
       "  202.57,\n",
       "  212.78,\n",
       "  930.76,\n",
       "  930.48,\n",
       "  490.68,\n",
       "  301.21,\n",
       "  610.46,\n",
       "  749.55,\n",
       "  754.91],\n",
       " [458.01,\n",
       "  428.68,\n",
       "  545.37,\n",
       "  775.01,\n",
       "  845.34,\n",
       "  395.23,\n",
       "  360.11,\n",
       "  414.95,\n",
       "  634.47,\n",
       "  784.26,\n",
       "  266.19,\n",
       "  161.98,\n",
       "  0.0,\n",
       "  579.37,\n",
       "  661.81,\n",
       "  377.37,\n",
       "  206.42,\n",
       "  186.06,\n",
       "  1092.74,\n",
       "  1092.46,\n",
       "  554.31,\n",
       "  305.03,\n",
       "  772.44,\n",
       "  911.53,\n",
       "  916.89],\n",
       " [582.65,\n",
       "  575.03,\n",
       "  698.74,\n",
       "  255.04,\n",
       "  325.37,\n",
       "  378.27,\n",
       "  513.48,\n",
       "  568.32,\n",
       "  114.49,\n",
       "  206.32,\n",
       "  441.06,\n",
       "  417.39,\n",
       "  579.37,\n",
       "  0.0,\n",
       "  82.45,\n",
       "  552.25,\n",
       "  564.7,\n",
       "  630.16,\n",
       "  572.76,\n",
       "  572.48,\n",
       "  750.26,\n",
       "  665.75,\n",
       "  302.3,\n",
       "  429.28,\n",
       "  434.64],\n",
       " [665.1,\n",
       "  657.48,\n",
       "  781.18,\n",
       "  337.49,\n",
       "  407.81,\n",
       "  460.72,\n",
       "  595.93,\n",
       "  650.77,\n",
       "  196.94,\n",
       "  123.87,\n",
       "  523.51,\n",
       "  499.83,\n",
       "  661.81,\n",
       "  82.45,\n",
       "  0.0,\n",
       "  634.69,\n",
       "  647.15,\n",
       "  712.61,\n",
       "  655.21,\n",
       "  654.93,\n",
       "  832.71,\n",
       "  748.2,\n",
       "  384.75,\n",
       "  511.72,\n",
       "  517.08],\n",
       " [430.89,\n",
       "  401.56,\n",
       "  518.24,\n",
       "  747.89,\n",
       "  818.22,\n",
       "  368.11,\n",
       "  332.99,\n",
       "  387.83,\n",
       "  607.34,\n",
       "  757.14,\n",
       "  111.18,\n",
       "  215.39,\n",
       "  377.37,\n",
       "  552.25,\n",
       "  634.69,\n",
       "  0.0,\n",
       "  362.71,\n",
       "  428.17,\n",
       "  1065.62,\n",
       "  1065.34,\n",
       "  614.19,\n",
       "  463.75,\n",
       "  745.32,\n",
       "  884.41,\n",
       "  889.77],\n",
       " [443.35,\n",
       "  414.02,\n",
       "  530.7,\n",
       "  760.35,\n",
       "  830.68,\n",
       "  380.57,\n",
       "  345.45,\n",
       "  400.29,\n",
       "  619.8,\n",
       "  769.6,\n",
       "  251.53,\n",
       "  202.57,\n",
       "  206.42,\n",
       "  564.7,\n",
       "  647.15,\n",
       "  362.71,\n",
       "  0.0,\n",
       "  98.62,\n",
       "  1078.07,\n",
       "  1077.8,\n",
       "  347.9,\n",
       "  159.89,\n",
       "  757.78,\n",
       "  896.87,\n",
       "  902.23],\n",
       " [508.8,\n",
       "  479.48,\n",
       "  596.16,\n",
       "  825.81,\n",
       "  896.14,\n",
       "  446.03,\n",
       "  410.9,\n",
       "  465.75,\n",
       "  685.26,\n",
       "  835.06,\n",
       "  316.98,\n",
       "  212.78,\n",
       "  186.06,\n",
       "  630.16,\n",
       "  712.61,\n",
       "  428.17,\n",
       "  98.62,\n",
       "  0.0,\n",
       "  1143.53,\n",
       "  1143.25,\n",
       "  446.52,\n",
       "  197.23,\n",
       "  823.24,\n",
       "  962.33,\n",
       "  967.69],\n",
       " [1032.06,\n",
       "  1024.44,\n",
       "  1163.23,\n",
       "  369.85,\n",
       "  440.18,\n",
       "  827.68,\n",
       "  977.97,\n",
       "  1081.69,\n",
       "  458.28,\n",
       "  713.83,\n",
       "  954.43,\n",
       "  930.76,\n",
       "  1092.74,\n",
       "  572.76,\n",
       "  655.21,\n",
       "  1065.62,\n",
       "  1078.07,\n",
       "  1143.53,\n",
       "  0.0,\n",
       "  0.28,\n",
       "  973.36,\n",
       "  956.18,\n",
       "  615.18,\n",
       "  110.96,\n",
       "  105.6],\n",
       " [1031.78,\n",
       "  1024.16,\n",
       "  1162.95,\n",
       "  369.57,\n",
       "  439.9,\n",
       "  827.4,\n",
       "  977.69,\n",
       "  1081.41,\n",
       "  458.0,\n",
       "  713.55,\n",
       "  954.16,\n",
       "  930.48,\n",
       "  1092.46,\n",
       "  572.48,\n",
       "  654.93,\n",
       "  1065.34,\n",
       "  1077.8,\n",
       "  1143.26,\n",
       "  0.28,\n",
       "  0.0,\n",
       "  973.64,\n",
       "  956.46,\n",
       "  615.46,\n",
       "  111.24,\n",
       "  105.88],\n",
       " [717.33,\n",
       "  688.01,\n",
       "  804.69,\n",
       "  945.91,\n",
       "  1016.24,\n",
       "  566.13,\n",
       "  619.43,\n",
       "  674.28,\n",
       "  805.36,\n",
       "  955.16,\n",
       "  503.01,\n",
       "  490.68,\n",
       "  554.31,\n",
       "  750.26,\n",
       "  832.71,\n",
       "  614.19,\n",
       "  347.9,\n",
       "  446.52,\n",
       "  973.36,\n",
       "  973.64,\n",
       "  0.0,\n",
       "  250.47,\n",
       "  833.82,\n",
       "  862.39,\n",
       "  867.75],\n",
       " [544.39,\n",
       "  515.07,\n",
       "  631.75,\n",
       "  861.39,\n",
       "  931.72,\n",
       "  481.61,\n",
       "  446.49,\n",
       "  501.33,\n",
       "  720.85,\n",
       "  870.64,\n",
       "  352.57,\n",
       "  301.21,\n",
       "  305.03,\n",
       "  665.75,\n",
       "  748.2,\n",
       "  463.75,\n",
       "  159.89,\n",
       "  197.23,\n",
       "  956.18,\n",
       "  956.46,\n",
       "  250.47,\n",
       "  0.0,\n",
       "  816.64,\n",
       "  845.22,\n",
       "  850.58],\n",
       " [775.73,\n",
       "  768.11,\n",
       "  891.81,\n",
       "  500.75,\n",
       "  571.08,\n",
       "  571.35,\n",
       "  706.55,\n",
       "  761.4,\n",
       "  360.2,\n",
       "  507.19,\n",
       "  634.14,\n",
       "  610.46,\n",
       "  772.44,\n",
       "  302.3,\n",
       "  384.75,\n",
       "  745.32,\n",
       "  757.78,\n",
       "  823.24,\n",
       "  615.18,\n",
       "  615.46,\n",
       "  833.82,\n",
       "  816.64,\n",
       "  0.0,\n",
       "  504.22,\n",
       "  509.58],\n",
       " [914.82,\n",
       "  907.2,\n",
       "  1030.9,\n",
       "  480.81,\n",
       "  551.14,\n",
       "  710.44,\n",
       "  845.64,\n",
       "  900.49,\n",
       "  487.18,\n",
       "  634.17,\n",
       "  773.23,\n",
       "  749.55,\n",
       "  911.53,\n",
       "  429.28,\n",
       "  511.72,\n",
       "  884.41,\n",
       "  896.87,\n",
       "  962.33,\n",
       "  110.96,\n",
       "  111.24,\n",
       "  862.39,\n",
       "  845.22,\n",
       "  504.22,\n",
       "  0.0,\n",
       "  5.36],\n",
       " [920.18,\n",
       "  912.56,\n",
       "  1036.26,\n",
       "  475.45,\n",
       "  545.78,\n",
       "  715.8,\n",
       "  851.0,\n",
       "  905.84,\n",
       "  492.54,\n",
       "  639.53,\n",
       "  778.59,\n",
       "  754.91,\n",
       "  916.89,\n",
       "  434.64,\n",
       "  517.08,\n",
       "  889.77,\n",
       "  902.23,\n",
       "  967.69,\n",
       "  105.6,\n",
       "  105.88,\n",
       "  867.75,\n",
       "  850.58,\n",
       "  509.58,\n",
       "  5.36,\n",
       "  0.0]]"
      ]
     },
     "execution_count": 12,
     "metadata": {},
     "output_type": "execute_result"
    }
   ],
   "source": [
    "distances = response.json()['distances']\n",
    "distances"
   ]
  },
  {
   "cell_type": "code",
   "execution_count": 13,
   "id": "35be3f0b",
   "metadata": {},
   "outputs": [],
   "source": [
    "# PART TWO: NETWORKX ANALYSIS"
   ]
  },
  {
   "cell_type": "code",
   "execution_count": 14,
   "id": "30e42889",
   "metadata": {},
   "outputs": [],
   "source": [
    "# Assigning Nodes and Edges for NetworkX"
   ]
  },
  {
   "cell_type": "code",
   "execution_count": 15,
   "id": "7f516fe1",
   "metadata": {},
   "outputs": [
    {
     "name": "stdout",
     "output_type": "stream",
     "text": [
      "node created for location 0\n",
      "node created for location 1\n",
      "node created for location 2\n",
      "node created for location 3\n",
      "node created for location 4\n",
      "node created for location 5\n",
      "node created for location 6\n",
      "node created for location 7\n",
      "node created for location 8\n",
      "node created for location 9\n",
      "node created for location 10\n",
      "node created for location 11\n",
      "node created for location 12\n",
      "node created for location 13\n",
      "node created for location 14\n",
      "node created for location 15\n",
      "node created for location 16\n",
      "node created for location 17\n",
      "node created for location 18\n",
      "node created for location 19\n",
      "node created for location 20\n",
      "node created for location 21\n",
      "node created for location 22\n",
      "node created for location 23\n",
      "node created for location 24\n"
     ]
    }
   ],
   "source": [
    "G = nx.Graph()\n",
    "\n",
    "r = range(data.shape[0])\n",
    "\n",
    "for i in r:\n",
    "    G.add_node(i)\n",
    "    print(\"node created for location\", i)"
   ]
  },
  {
   "cell_type": "code",
   "execution_count": 16,
   "id": "99285a39",
   "metadata": {},
   "outputs": [
    {
     "name": "stdout",
     "output_type": "stream",
     "text": [
      "0 0 0.0\n",
      "0 1 93.6\n",
      "0 2 268.16\n",
      "0 3 714.34\n",
      "0 4 784.67\n",
      "0 5 204.38\n",
      "0 6 167.12\n",
      "0 7 272.53\n",
      "0 8 573.79\n",
      "0 9 724.67\n",
      "0 10 319.71\n",
      "0 11 296.03\n",
      "0 12 458.01\n",
      "0 13 582.65\n",
      "0 14 665.1\n",
      "0 15 430.89\n",
      "0 16 443.35\n",
      "0 17 508.8\n",
      "0 18 1032.06\n",
      "0 19 1031.78\n",
      "0 20 717.33\n",
      "0 21 544.39\n",
      "0 22 775.73\n",
      "0 23 914.82\n",
      "0 24 920.18\n",
      "1 0 93.6\n",
      "1 1 0.0\n",
      "1 2 228.14\n",
      "1 3 706.72\n",
      "1 4 777.05\n",
      "1 5 196.76\n",
      "1 6 127.64\n",
      "1 7 232.51\n",
      "1 8 566.17\n",
      "1 9 717.05\n",
      "1 10 290.38\n",
      "1 11 266.7\n",
      "1 12 428.68\n",
      "1 13 575.03\n",
      "1 14 657.48\n",
      "1 15 401.56\n",
      "1 16 414.02\n",
      "1 17 479.48\n",
      "1 18 1024.44\n",
      "1 19 1024.16\n",
      "1 20 688.01\n",
      "1 21 515.07\n",
      "1 22 768.11\n",
      "1 23 907.2\n",
      "1 24 912.56\n",
      "2 0 268.16\n",
      "2 1 228.14\n",
      "2 2 0.0\n",
      "2 3 845.51\n",
      "2 4 915.83\n",
      "2 5 335.55\n",
      "2 6 244.33\n",
      "2 7 222.82\n",
      "2 8 704.96\n",
      "2 9 855.84\n",
      "2 10 407.06\n",
      "2 11 383.38\n",
      "2 12 545.37\n",
      "2 13 698.74\n",
      "2 14 781.18\n",
      "2 15 518.24\n",
      "2 16 530.7\n",
      "2 17 596.16\n",
      "2 18 1163.23\n",
      "2 19 1162.95\n",
      "2 20 804.69\n",
      "2 21 631.75\n",
      "2 22 891.81\n",
      "2 23 1030.9\n",
      "2 24 1036.26\n",
      "3 0 714.34\n",
      "3 1 706.72\n",
      "3 2 845.51\n",
      "3 3 0.0\n",
      "3 4 122.46\n",
      "3 5 509.96\n",
      "3 6 660.25\n",
      "3 7 763.97\n",
      "3 8 140.55\n",
      "3 9 396.1\n",
      "3 10 636.71\n",
      "3 11 613.03\n",
      "3 12 775.01\n",
      "3 13 255.04\n",
      "3 14 337.49\n",
      "3 15 747.89\n",
      "3 16 760.35\n",
      "3 17 825.81\n",
      "3 18 369.85\n",
      "3 19 369.57\n",
      "3 20 945.91\n",
      "3 21 861.39\n",
      "3 22 500.75\n",
      "3 23 480.81\n",
      "3 24 475.45\n",
      "4 0 784.67\n",
      "4 1 777.05\n",
      "4 2 915.84\n",
      "4 3 122.46\n",
      "4 4 0.0\n",
      "4 5 580.29\n",
      "4 6 730.58\n",
      "4 7 834.3\n",
      "4 8 210.88\n",
      "4 9 466.43\n",
      "4 10 707.04\n",
      "4 11 683.36\n",
      "4 12 845.34\n",
      "4 13 325.37\n",
      "4 14 407.81\n",
      "4 15 818.22\n",
      "4 16 830.68\n",
      "4 17 896.14\n",
      "4 18 440.18\n",
      "4 19 439.9\n",
      "4 20 1016.24\n",
      "4 21 931.72\n",
      "4 22 571.08\n",
      "4 23 551.14\n",
      "4 24 545.78\n",
      "5 0 204.38\n",
      "5 1 196.76\n",
      "5 2 335.55\n",
      "5 3 509.96\n",
      "5 4 580.29\n",
      "5 5 0.0\n",
      "5 6 150.29\n",
      "5 7 336.66\n",
      "5 8 369.41\n",
      "5 9 520.29\n",
      "5 10 256.93\n",
      "5 11 233.25\n",
      "5 12 395.23\n",
      "5 13 378.27\n",
      "5 14 460.72\n",
      "5 15 368.11\n",
      "5 16 380.57\n",
      "5 17 446.03\n",
      "5 18 827.68\n",
      "5 19 827.4\n",
      "5 20 566.13\n",
      "5 21 481.61\n",
      "5 22 571.35\n",
      "5 23 710.44\n",
      "5 24 715.8\n",
      "6 0 167.12\n",
      "6 1 127.64\n",
      "6 2 244.33\n",
      "6 3 660.25\n",
      "6 4 730.58\n",
      "6 5 150.29\n",
      "6 6 0.0\n",
      "6 7 248.69\n",
      "6 8 519.7\n",
      "6 9 670.59\n",
      "6 10 221.81\n",
      "6 11 198.13\n",
      "6 12 360.11\n",
      "6 13 513.48\n",
      "6 14 595.93\n",
      "6 15 332.99\n",
      "6 16 345.45\n",
      "6 17 410.9\n",
      "6 18 977.97\n",
      "6 19 977.69\n",
      "6 20 619.43\n",
      "6 21 446.49\n",
      "6 22 706.55\n",
      "6 23 845.64\n",
      "6 24 851.0\n",
      "7 0 272.53\n",
      "7 1 232.51\n",
      "7 2 222.82\n",
      "7 3 763.97\n",
      "7 4 834.3\n",
      "7 5 336.66\n",
      "7 6 248.69\n",
      "7 7 0.0\n",
      "7 8 623.42\n",
      "7 9 773.21\n",
      "7 10 276.65\n",
      "7 11 252.97\n",
      "7 12 414.95\n",
      "7 13 568.32\n",
      "7 14 650.77\n",
      "7 15 387.83\n",
      "7 16 400.29\n",
      "7 17 465.75\n",
      "7 18 1081.69\n",
      "7 19 1081.41\n",
      "7 20 674.28\n",
      "7 21 501.33\n",
      "7 22 761.4\n",
      "7 23 900.49\n",
      "7 24 905.84\n",
      "8 0 573.79\n",
      "8 1 566.17\n",
      "8 2 704.96\n",
      "8 3 140.55\n",
      "8 4 210.88\n",
      "8 5 369.41\n",
      "8 6 519.7\n",
      "8 7 623.42\n",
      "8 8 0.0\n",
      "8 9 255.56\n",
      "8 10 496.16\n",
      "8 11 472.48\n",
      "8 12 634.47\n",
      "8 13 114.49\n",
      "8 14 196.94\n",
      "8 15 607.34\n",
      "8 16 619.8\n",
      "8 17 685.26\n",
      "8 18 458.28\n",
      "8 19 458.0\n",
      "8 20 805.36\n",
      "8 21 720.85\n",
      "8 22 360.2\n",
      "8 23 487.18\n",
      "8 24 492.54\n",
      "9 0 724.67\n",
      "9 1 717.05\n",
      "9 2 855.84\n",
      "9 3 396.1\n",
      "9 4 466.43\n",
      "9 5 520.29\n",
      "9 6 670.59\n",
      "9 7 773.21\n",
      "9 8 255.56\n",
      "9 9 0.0\n",
      "9 10 645.96\n",
      "9 11 622.28\n",
      "9 12 784.26\n",
      "9 13 206.32\n",
      "9 14 123.87\n",
      "9 15 757.14\n",
      "9 16 769.6\n",
      "9 17 835.06\n",
      "9 18 713.83\n",
      "9 19 713.55\n",
      "9 20 955.16\n",
      "9 21 870.64\n",
      "9 22 507.19\n",
      "9 23 634.17\n",
      "9 24 639.53\n",
      "10 0 319.71\n",
      "10 1 290.38\n",
      "10 2 407.06\n",
      "10 3 636.71\n",
      "10 4 707.04\n",
      "10 5 256.93\n",
      "10 6 221.81\n",
      "10 7 276.65\n",
      "10 8 496.16\n",
      "10 9 645.96\n",
      "10 10 0.0\n",
      "10 11 104.21\n",
      "10 12 266.19\n",
      "10 13 441.06\n",
      "10 14 523.51\n",
      "10 15 111.18\n",
      "10 16 251.53\n",
      "10 17 316.98\n",
      "10 18 954.43\n",
      "10 19 954.16\n",
      "10 20 503.01\n",
      "10 21 352.57\n",
      "10 22 634.14\n",
      "10 23 773.23\n",
      "10 24 778.59\n",
      "11 0 296.03\n",
      "11 1 266.7\n",
      "11 2 383.38\n",
      "11 3 613.03\n",
      "11 4 683.36\n",
      "11 5 233.25\n",
      "11 6 198.13\n",
      "11 7 252.97\n",
      "11 8 472.48\n",
      "11 9 622.28\n",
      "11 10 104.21\n",
      "11 11 0.0\n",
      "11 12 161.98\n",
      "11 13 417.39\n",
      "11 14 499.83\n",
      "11 15 215.39\n",
      "11 16 202.57\n",
      "11 17 212.78\n",
      "11 18 930.76\n",
      "11 19 930.48\n",
      "11 20 490.68\n",
      "11 21 301.21\n",
      "11 22 610.46\n",
      "11 23 749.55\n",
      "11 24 754.91\n",
      "12 0 458.01\n",
      "12 1 428.68\n",
      "12 2 545.37\n",
      "12 3 775.01\n",
      "12 4 845.34\n",
      "12 5 395.23\n",
      "12 6 360.11\n",
      "12 7 414.95\n",
      "12 8 634.47\n",
      "12 9 784.26\n",
      "12 10 266.19\n",
      "12 11 161.98\n",
      "12 12 0.0\n",
      "12 13 579.37\n",
      "12 14 661.81\n",
      "12 15 377.37\n",
      "12 16 206.42\n",
      "12 17 186.06\n",
      "12 18 1092.74\n",
      "12 19 1092.46\n",
      "12 20 554.31\n",
      "12 21 305.03\n",
      "12 22 772.44\n",
      "12 23 911.53\n",
      "12 24 916.89\n",
      "13 0 582.65\n",
      "13 1 575.03\n",
      "13 2 698.74\n",
      "13 3 255.04\n",
      "13 4 325.37\n",
      "13 5 378.27\n",
      "13 6 513.48\n",
      "13 7 568.32\n",
      "13 8 114.49\n",
      "13 9 206.32\n",
      "13 10 441.06\n",
      "13 11 417.39\n",
      "13 12 579.37\n",
      "13 13 0.0\n",
      "13 14 82.45\n",
      "13 15 552.25\n",
      "13 16 564.7\n",
      "13 17 630.16\n",
      "13 18 572.76\n",
      "13 19 572.48\n",
      "13 20 750.26\n",
      "13 21 665.75\n",
      "13 22 302.3\n",
      "13 23 429.28\n",
      "13 24 434.64\n",
      "14 0 665.1\n",
      "14 1 657.48\n",
      "14 2 781.18\n",
      "14 3 337.49\n",
      "14 4 407.81\n",
      "14 5 460.72\n",
      "14 6 595.93\n",
      "14 7 650.77\n",
      "14 8 196.94\n",
      "14 9 123.87\n",
      "14 10 523.51\n",
      "14 11 499.83\n",
      "14 12 661.81\n",
      "14 13 82.45\n",
      "14 14 0.0\n",
      "14 15 634.69\n",
      "14 16 647.15\n",
      "14 17 712.61\n",
      "14 18 655.21\n",
      "14 19 654.93\n",
      "14 20 832.71\n",
      "14 21 748.2\n",
      "14 22 384.75\n",
      "14 23 511.72\n",
      "14 24 517.08\n",
      "15 0 430.89\n",
      "15 1 401.56\n",
      "15 2 518.24\n",
      "15 3 747.89\n",
      "15 4 818.22\n",
      "15 5 368.11\n",
      "15 6 332.99\n",
      "15 7 387.83\n",
      "15 8 607.34\n",
      "15 9 757.14\n",
      "15 10 111.18\n",
      "15 11 215.39\n",
      "15 12 377.37\n",
      "15 13 552.25\n",
      "15 14 634.69\n",
      "15 15 0.0\n",
      "15 16 362.71\n",
      "15 17 428.17\n",
      "15 18 1065.62\n",
      "15 19 1065.34\n",
      "15 20 614.19\n",
      "15 21 463.75\n",
      "15 22 745.32\n",
      "15 23 884.41\n",
      "15 24 889.77\n",
      "16 0 443.35\n",
      "16 1 414.02\n",
      "16 2 530.7\n",
      "16 3 760.35\n",
      "16 4 830.68\n",
      "16 5 380.57\n",
      "16 6 345.45\n",
      "16 7 400.29\n",
      "16 8 619.8\n",
      "16 9 769.6\n",
      "16 10 251.53\n",
      "16 11 202.57\n",
      "16 12 206.42\n",
      "16 13 564.7\n",
      "16 14 647.15\n",
      "16 15 362.71\n",
      "16 16 0.0\n",
      "16 17 98.62\n",
      "16 18 1078.07\n",
      "16 19 1077.8\n",
      "16 20 347.9\n",
      "16 21 159.89\n",
      "16 22 757.78\n",
      "16 23 896.87\n",
      "16 24 902.23\n",
      "17 0 508.8\n",
      "17 1 479.48\n",
      "17 2 596.16\n",
      "17 3 825.81\n",
      "17 4 896.14\n",
      "17 5 446.03\n",
      "17 6 410.9\n",
      "17 7 465.75\n",
      "17 8 685.26\n",
      "17 9 835.06\n",
      "17 10 316.98\n",
      "17 11 212.78\n",
      "17 12 186.06\n",
      "17 13 630.16\n",
      "17 14 712.61\n",
      "17 15 428.17\n",
      "17 16 98.62\n",
      "17 17 0.0\n",
      "17 18 1143.53\n",
      "17 19 1143.25\n",
      "17 20 446.52\n",
      "17 21 197.23\n",
      "17 22 823.24\n",
      "17 23 962.33\n",
      "17 24 967.69\n",
      "18 0 1032.06\n",
      "18 1 1024.44\n",
      "18 2 1163.23\n",
      "18 3 369.85\n",
      "18 4 440.18\n",
      "18 5 827.68\n",
      "18 6 977.97\n",
      "18 7 1081.69\n",
      "18 8 458.28\n",
      "18 9 713.83\n",
      "18 10 954.43\n",
      "18 11 930.76\n",
      "18 12 1092.74\n",
      "18 13 572.76\n",
      "18 14 655.21\n",
      "18 15 1065.62\n",
      "18 16 1078.07\n",
      "18 17 1143.53\n",
      "18 18 0.0\n",
      "18 19 0.28\n",
      "18 20 973.36\n",
      "18 21 956.18\n",
      "18 22 615.18\n",
      "18 23 110.96\n",
      "18 24 105.6\n",
      "19 0 1031.78\n",
      "19 1 1024.16\n",
      "19 2 1162.95\n",
      "19 3 369.57\n",
      "19 4 439.9\n",
      "19 5 827.4\n",
      "19 6 977.69\n",
      "19 7 1081.41\n",
      "19 8 458.0\n",
      "19 9 713.55\n",
      "19 10 954.16\n",
      "19 11 930.48\n",
      "19 12 1092.46\n",
      "19 13 572.48\n",
      "19 14 654.93\n",
      "19 15 1065.34\n",
      "19 16 1077.8\n",
      "19 17 1143.26\n",
      "19 18 0.28\n",
      "19 19 0.0\n",
      "19 20 973.64\n",
      "19 21 956.46\n",
      "19 22 615.46\n",
      "19 23 111.24\n",
      "19 24 105.88\n",
      "20 0 717.33\n",
      "20 1 688.01\n",
      "20 2 804.69\n",
      "20 3 945.91\n",
      "20 4 1016.24\n",
      "20 5 566.13\n",
      "20 6 619.43\n",
      "20 7 674.28\n",
      "20 8 805.36\n",
      "20 9 955.16\n",
      "20 10 503.01\n",
      "20 11 490.68\n",
      "20 12 554.31\n",
      "20 13 750.26\n",
      "20 14 832.71\n",
      "20 15 614.19\n",
      "20 16 347.9\n",
      "20 17 446.52\n",
      "20 18 973.36\n",
      "20 19 973.64\n",
      "20 20 0.0\n",
      "20 21 250.47\n",
      "20 22 833.82\n",
      "20 23 862.39\n",
      "20 24 867.75\n",
      "21 0 544.39\n",
      "21 1 515.07\n",
      "21 2 631.75\n",
      "21 3 861.39\n",
      "21 4 931.72\n",
      "21 5 481.61\n",
      "21 6 446.49\n",
      "21 7 501.33\n",
      "21 8 720.85\n",
      "21 9 870.64\n",
      "21 10 352.57\n",
      "21 11 301.21\n",
      "21 12 305.03\n",
      "21 13 665.75\n",
      "21 14 748.2\n",
      "21 15 463.75\n",
      "21 16 159.89\n",
      "21 17 197.23\n",
      "21 18 956.18\n",
      "21 19 956.46\n",
      "21 20 250.47\n",
      "21 21 0.0\n",
      "21 22 816.64\n",
      "21 23 845.22\n",
      "21 24 850.58\n",
      "22 0 775.73\n",
      "22 1 768.11\n",
      "22 2 891.81\n",
      "22 3 500.75\n",
      "22 4 571.08\n",
      "22 5 571.35\n",
      "22 6 706.55\n",
      "22 7 761.4\n",
      "22 8 360.2\n",
      "22 9 507.19\n",
      "22 10 634.14\n",
      "22 11 610.46\n",
      "22 12 772.44\n",
      "22 13 302.3\n",
      "22 14 384.75\n",
      "22 15 745.32\n",
      "22 16 757.78\n",
      "22 17 823.24\n",
      "22 18 615.18\n",
      "22 19 615.46\n",
      "22 20 833.82\n",
      "22 21 816.64\n",
      "22 22 0.0\n",
      "22 23 504.22\n",
      "22 24 509.58\n",
      "23 0 914.82\n",
      "23 1 907.2\n",
      "23 2 1030.9\n",
      "23 3 480.81\n",
      "23 4 551.14\n",
      "23 5 710.44\n",
      "23 6 845.64\n",
      "23 7 900.49\n",
      "23 8 487.18\n",
      "23 9 634.17\n",
      "23 10 773.23\n",
      "23 11 749.55\n",
      "23 12 911.53\n",
      "23 13 429.28\n",
      "23 14 511.72\n",
      "23 15 884.41\n",
      "23 16 896.87\n",
      "23 17 962.33\n",
      "23 18 110.96\n",
      "23 19 111.24\n",
      "23 20 862.39\n",
      "23 21 845.22\n",
      "23 22 504.22\n",
      "23 23 0.0\n",
      "23 24 5.36\n",
      "24 0 920.18\n",
      "24 1 912.56\n",
      "24 2 1036.26\n",
      "24 3 475.45\n",
      "24 4 545.78\n",
      "24 5 715.8\n",
      "24 6 851.0\n",
      "24 7 905.84\n",
      "24 8 492.54\n",
      "24 9 639.53\n",
      "24 10 778.59\n",
      "24 11 754.91\n",
      "24 12 916.89\n",
      "24 13 434.64\n",
      "24 14 517.08\n",
      "24 15 889.77\n",
      "24 16 902.23\n",
      "24 17 967.69\n",
      "24 18 105.6\n",
      "24 19 105.88\n",
      "24 20 867.75\n",
      "24 21 850.58\n",
      "24 22 509.58\n",
      "24 23 5.36\n",
      "24 24 0.0\n"
     ]
    }
   ],
   "source": [
    "# This cell is a concept test\n",
    "\n",
    "for i in r:\n",
    "    for p in r:\n",
    "        print(i,p,distances[i][p])"
   ]
  },
  {
   "cell_type": "code",
   "execution_count": 17,
   "id": "ba02af22",
   "metadata": {},
   "outputs": [
    {
     "name": "stdout",
     "output_type": "stream",
     "text": [
      "self-referential, no node created\n",
      "node created from 0 to 1 of length 93.6\n",
      "node created from 0 to 2 of length 268.16\n",
      "node created from 0 to 3 of length 714.34\n",
      "node created from 0 to 4 of length 784.67\n",
      "node created from 0 to 5 of length 204.38\n",
      "node created from 0 to 6 of length 167.12\n",
      "node created from 0 to 7 of length 272.53\n",
      "node created from 0 to 8 of length 573.79\n",
      "node created from 0 to 9 of length 724.67\n",
      "node created from 0 to 10 of length 319.71\n",
      "node created from 0 to 11 of length 296.03\n",
      "node created from 0 to 12 of length 458.01\n",
      "node created from 0 to 13 of length 582.65\n",
      "node created from 0 to 14 of length 665.1\n",
      "node created from 0 to 15 of length 430.89\n",
      "node created from 0 to 16 of length 443.35\n",
      "node created from 0 to 17 of length 508.8\n",
      "node created from 0 to 18 of length 1032.06\n",
      "node created from 0 to 19 of length 1031.78\n",
      "node created from 0 to 20 of length 717.33\n",
      "node created from 0 to 21 of length 544.39\n",
      "node created from 0 to 22 of length 775.73\n",
      "node created from 0 to 23 of length 914.82\n",
      "node created from 0 to 24 of length 920.18\n",
      "node created from 1 to 0 of length 93.6\n",
      "self-referential, no node created\n",
      "node created from 1 to 2 of length 228.14\n",
      "node created from 1 to 3 of length 706.72\n",
      "node created from 1 to 4 of length 777.05\n",
      "node created from 1 to 5 of length 196.76\n",
      "node created from 1 to 6 of length 127.64\n",
      "node created from 1 to 7 of length 232.51\n",
      "node created from 1 to 8 of length 566.17\n",
      "node created from 1 to 9 of length 717.05\n",
      "node created from 1 to 10 of length 290.38\n",
      "node created from 1 to 11 of length 266.7\n",
      "node created from 1 to 12 of length 428.68\n",
      "node created from 1 to 13 of length 575.03\n",
      "node created from 1 to 14 of length 657.48\n",
      "node created from 1 to 15 of length 401.56\n",
      "node created from 1 to 16 of length 414.02\n",
      "node created from 1 to 17 of length 479.48\n",
      "node created from 1 to 18 of length 1024.44\n",
      "node created from 1 to 19 of length 1024.16\n",
      "node created from 1 to 20 of length 688.01\n",
      "node created from 1 to 21 of length 515.07\n",
      "node created from 1 to 22 of length 768.11\n",
      "node created from 1 to 23 of length 907.2\n",
      "node created from 1 to 24 of length 912.56\n",
      "node created from 2 to 0 of length 268.16\n",
      "node created from 2 to 1 of length 228.14\n",
      "self-referential, no node created\n",
      "node created from 2 to 3 of length 845.51\n",
      "node created from 2 to 4 of length 915.83\n",
      "node created from 2 to 5 of length 335.55\n",
      "node created from 2 to 6 of length 244.33\n",
      "node created from 2 to 7 of length 222.82\n",
      "node created from 2 to 8 of length 704.96\n",
      "node created from 2 to 9 of length 855.84\n",
      "node created from 2 to 10 of length 407.06\n",
      "node created from 2 to 11 of length 383.38\n",
      "node created from 2 to 12 of length 545.37\n",
      "node created from 2 to 13 of length 698.74\n",
      "node created from 2 to 14 of length 781.18\n",
      "node created from 2 to 15 of length 518.24\n",
      "node created from 2 to 16 of length 530.7\n",
      "node created from 2 to 17 of length 596.16\n",
      "node created from 2 to 18 of length 1163.23\n",
      "node created from 2 to 19 of length 1162.95\n",
      "node created from 2 to 20 of length 804.69\n",
      "node created from 2 to 21 of length 631.75\n",
