{
 "cells": [
  {
   "cell_type": "code",
   "execution_count": 22,
   "id": "b80eb828",
   "metadata": {},
   "outputs": [],
   "source": [
    "ORS_API_KEY = '5b3ce3597851110001cf624894d872a97a6d4ec7bc1f8b0ebc1db70b'"
   ]
  },
  {
   "cell_type": "code",
   "execution_count": 78,
   "id": "31804137",
   "metadata": {},
   "outputs": [
    {
     "name": "stdout",
     "output_type": "stream",
     "text": [
      "Requirement already satisfied: igraph in c:\\users\\arock\\anaconda3\\lib\\site-packages (0.11.3)\n",
      "Requirement already satisfied: texttable>=1.6.2 in c:\\users\\arock\\anaconda3\\lib\\site-packages (from igraph) (1.7.0)\n"
     ]
    }
   ],
   "source": [
    "import pandas as pd\n",
    "import requests\n",
    "import matplotlib.pyplot as plt\n",
    "import networkx as nx\n",
    "import random\n",
    "!pip install igraph\n",
    "from igraph import *\n",
    "import igraph"
   ]
  },
  {
   "cell_type": "code",
   "execution_count": 5,
   "id": "f0f20948",
   "metadata": {},
   "outputs": [],
   "source": [
    "# Which city do you want to map neighborhoods in?\n",
    "# Edit the my_lat and my_long point variables below.\n",
    "# This program will analyze 64 points\n",
    "# ...over a square of 0.007 degrees latitude to the north and 0.007 degrees longtude to the west/east depending on sign"
   ]
  },
  {
   "cell_type": "code",
   "execution_count": 6,
   "id": "3c603247",
   "metadata": {},
   "outputs": [],
   "source": [
    "my_lat = 41.884\n",
    "my_long = -87.624"
   ]
  },
  {
   "cell_type": "code",
   "execution_count": 7,
   "id": "b56f1a54",
   "metadata": {},
   "outputs": [],
   "source": [
    "# PART ONE: CREATE THE POINTS DATAFRAME"
   ]
  },
  {
   "cell_type": "code",
   "execution_count": 8,
   "id": "f7d09bbb",
   "metadata": {},
   "outputs": [],
   "source": [
    "# Get Lat and Long into Dataframe"
   ]
  },
  {
   "cell_type": "code",
   "execution_count": 9,
   "id": "0e42874d",
   "metadata": {},
   "outputs": [],
   "source": [
    "row_names = (\"AA\",\n",
    "         \"AB\",\n",
    "         \"AC\",\n",
    "         \"AD\",\n",
    "         \"AE\",\n",
    "         \"AF\",\n",
    "         \"AG\",\n",
    "         \"BA\",\n",
    "         \"BB\",\n",
    "         \"BC\",\n",
    "         \"BD\",\n",
    "         \"BE\",\n",
    "         \"BF\",\n",
    "         \"BG\",\n",
    "         \"CA\",\n",
    "         \"CB\",\n",
    "         \"CC\",\n",
    "         \"CD\",\n",
    "         \"CE\",\n",
    "         \"CF\",\n",
    "         \"CG\",\n",
    "         \"DA\",\n",
    "         \"DB\",\n",
    "         \"DC\",\n",
    "         \"DD\",\n",
    "         \"DE\",\n",
    "         \"DF\",\n",
    "         \"DG\",\n",
    "         \"EA\",\n",
    "         \"EB\",\n",
    "         \"EC\",\n",
    "         \"ED\",\n",
    "         \"EE\",\n",
    "         \"EF\",\n",
    "         \"EG\",\n",
    "         \"FA\",\n",
    "         \"FB\",\n",
    "         \"FC\",\n",
    "         \"FD\",\n",
    "         \"FE\",\n",
    "         \"FF\",\n",
    "         \"FG\",\n",
    "         \"GA\",\n",
    "         \"GB\",\n",
    "         \"GC\",\n",
    "         \"GD\",\n",
    "         \"GE\",\n",
    "         \"GF\",\n",
    "         \"GG\",\n",
    "         \"HA\",\n",
    "         \"HB\",\n",
    "         \"HC\",\n",
    "         \"HD\",\n",
    "         \"HE\",\n",
    "         \"HF\",\n",
    "         \"HG\",)"
   ]
  },
  {
   "cell_type": "code",
   "execution_count": 10,
   "id": "01e98c18",
   "metadata": {},
   "outputs": [],
   "source": [
    "Latitude = (my_lat,\n",
    "         my_lat,\n",
    "         my_lat,\n",
    "         my_lat,\n",
    "         my_lat,\n",
    "         my_lat,\n",
    "         my_lat,\n",
    "         (my_lat+0.001),\n",
    "         (my_lat+0.001),\n",
    "         (my_lat+0.001),\n",
    "         (my_lat+0.001),\n",
    "         (my_lat+0.001),\n",
    "         (my_lat+0.001),\n",
    "         (my_lat+0.001),\n",
    "         (my_lat+0.002),\n",
    "         (my_lat+0.002),\n",
    "         (my_lat+0.002),\n",
    "         (my_lat+0.002),\n",
    "         (my_lat+0.002),\n",
    "         (my_lat+0.002),\n",
    "         (my_lat+0.002),\n",
    "         (my_lat+0.003),\n",
    "         (my_lat+0.003),\n",
    "         (my_lat+0.003),\n",
    "         (my_lat+0.003),\n",
    "         (my_lat+0.003),\n",
    "         (my_lat+0.003),\n",
    "         (my_lat+0.003),\n",
    "         (my_lat+0.004),\n",
    "         (my_lat+0.004),\n",
    "         (my_lat+0.004),\n",
    "         (my_lat+0.004),\n",
    "         (my_lat+0.004),\n",
    "         (my_lat+0.004),\n",
    "         (my_lat+0.004),\n",
    "         (my_lat+0.005),\n",
    "         (my_lat+0.005),\n",
    "         (my_lat+0.005),\n",
    "         (my_lat+0.005),\n",
    "         (my_lat+0.005),\n",
    "         (my_lat+0.005),\n",
    "         (my_lat+0.005),\n",
    "         (my_lat+0.006),\n",
    "         (my_lat+0.006),\n",
    "         (my_lat+0.006),\n",
    "         (my_lat+0.006),\n",
    "         (my_lat+0.006),\n",
    "         (my_lat+0.006),\n",
    "         (my_lat+0.006),\n",
    "         (my_lat+0.007),\n",
    "         (my_lat+0.007),\n",
    "         (my_lat+0.007),\n",
    "         (my_lat+0.007),\n",
    "         (my_lat+0.007),\n",
    "         (my_lat+0.007),\n",
    "         (my_lat+0.007),)"
   ]
  },
  {
   "cell_type": "code",
   "execution_count": 11,
   "id": "ca4f8479",
   "metadata": {},
   "outputs": [],
   "source": [
    "Longitude = (my_long,\n",
    "         (my_long+0.001),\n",
    "         (my_long+0.002),\n",
    "         (my_long+0.003),\n",
    "         (my_long+0.004),\n",
    "         (my_long+0.005),\n",
    "         (my_long+0.006),\n",
    "         my_long,\n",
    "         (my_long+0.001),\n",
    "         (my_long+0.002),\n",
    "         (my_long+0.003),\n",
    "         (my_long+0.004),\n",
    "         (my_long+0.005),\n",
    "         (my_long+0.006),\n",
    "         my_long,\n",
    "         (my_long+0.001),\n",
    "         (my_long+0.002),\n",
    "         (my_long+0.003),\n",
    "         (my_long+0.004),\n",
    "         (my_long+0.005),\n",
    "         (my_long+0.006),\n",
    "         my_long,\n",
    "         (my_long+0.001),\n",
    "         (my_long+0.002),\n",
    "         (my_long+0.003),\n",
    "         (my_long+0.004),\n",
    "         (my_long+0.005),\n",
    "         (my_long+0.006),\n",
    "         my_long,\n",
    "         (my_long+0.001),\n",
    "         (my_long+0.002),\n",
    "         (my_long+0.003),\n",
    "         (my_long+0.004),\n",
    "         (my_long+0.005),\n",
    "         (my_long+0.006),\n",
    "         my_long,\n",
    "         (my_long+0.001),\n",
    "         (my_long+0.002),\n",
    "         (my_long+0.003),\n",
    "         (my_long+0.004),\n",
    "         (my_long+0.005),\n",
    "         (my_long+0.006),\n",
    "         my_long,\n",
    "         (my_long+0.001),\n",
    "         (my_long+0.002),\n",
    "         (my_long+0.003),\n",
    "         (my_long+0.004),\n",
    "         (my_long+0.005),\n",
    "         (my_long+0.006),\n",
    "         my_long,\n",
    "         (my_long+0.001),\n",
    "         (my_long+0.002),\n",
    "         (my_long+0.003),\n",
    "         (my_long+0.004),\n",
    "         (my_long+0.005),\n",
    "         (my_long+0.006),)"
   ]
  },
  {
   "cell_type": "code",
   "execution_count": 12,
   "id": "09aa823c",
   "metadata": {},
   "outputs": [],
   "source": [
    "data = pd.DataFrame(\n",
    "    {'row_names': row_names,\n",
    "     'Latitude': Latitude,\n",
    "     'Longitude': Longitude\n",
    "    })"
   ]
  },
  {
   "cell_type": "code",
   "execution_count": 13,
   "id": "68593789",
   "metadata": {},
   "outputs": [
    {
     "data": {
      "text/html": [
       "<div>\n",
       "<style scoped>\n",
       "    .dataframe tbody tr th:only-of-type {\n",
       "        vertical-align: middle;\n",
       "    }\n",
       "\n",
       "    .dataframe tbody tr th {\n",
       "        vertical-align: top;\n",
       "    }\n",
       "\n",
       "    .dataframe thead th {\n",
       "        text-align: right;\n",
       "    }\n",
       "</style>\n",
       "<table border=\"1\" class=\"dataframe\">\n",
       "  <thead>\n",
       "    <tr style=\"text-align: right;\">\n",
       "      <th></th>\n",
       "      <th>row_names</th>\n",
       "      <th>Latitude</th>\n",
       "      <th>Longitude</th>\n",
       "    </tr>\n",
       "  </thead>\n",
       "  <tbody>\n",
       "    <tr>\n",
       "      <th>0</th>\n",
       "      <td>AA</td>\n",
       "      <td>41.884</td>\n",
       "      <td>-87.624</td>\n",
       "    </tr>\n",
       "    <tr>\n",
       "      <th>1</th>\n",
       "      <td>AB</td>\n",
       "      <td>41.884</td>\n",
       "      <td>-87.623</td>\n",
       "    </tr>\n",
       "    <tr>\n",
       "      <th>2</th>\n",
       "      <td>AC</td>\n",
       "      <td>41.884</td>\n",
       "      <td>-87.622</td>\n",
       "    </tr>\n",
       "    <tr>\n",
       "      <th>3</th>\n",
       "      <td>AD</td>\n",
       "      <td>41.884</td>\n",
       "      <td>-87.621</td>\n",
       "    </tr>\n",
       "    <tr>\n",
       "      <th>4</th>\n",
       "      <td>AE</td>\n",
       "      <td>41.884</td>\n",
       "      <td>-87.620</td>\n",
       "    </tr>\n",
       "  </tbody>\n",
       "</table>\n",
       "</div>"
      ],
      "text/plain": [
       "  row_names  Latitude  Longitude\n",
       "0        AA    41.884    -87.624\n",
       "1        AB    41.884    -87.623\n",
       "2        AC    41.884    -87.622\n",
       "3        AD    41.884    -87.621\n",
       "4        AE    41.884    -87.620"
      ]
     },
     "execution_count": 13,
     "metadata": {},
     "output_type": "execute_result"
    }
   ],
   "source": [
    "data.head()"
   ]
  },
  {
   "cell_type": "code",
   "execution_count": 14,
   "id": "66b34266",
   "metadata": {},
   "outputs": [],
   "source": [
    "# PART TWO: GET THE DISTANCE MATRIX FROM OPENROUTESERVICE"
   ]
  },
  {
   "cell_type": "code",
   "execution_count": 15,
   "id": "e529756f",
   "metadata": {},
   "outputs": [],
   "source": [
    "# Pull Lat and Long Coords into List"
   ]
  },
  {
   "cell_type": "code",
   "execution_count": 16,
   "id": "f6bfb3b4",
   "metadata": {},
   "outputs": [],
   "source": [
    "locations = list(zip(data.Longitude, data.Latitude))"
   ]
  },
  {
   "cell_type": "code",
   "execution_count": 17,
   "id": "3ccfe26e",
   "metadata": {},
   "outputs": [
    {
     "name": "stdout",
     "output_type": "stream",
     "text": [
      "[(-87.624, 41.884), (-87.62299999999999, 41.884), (-87.622, 41.884), (-87.621, 41.884), (-87.61999999999999, 41.884), (-87.619, 41.884), (-87.618, 41.884), (-87.624, 41.885), (-87.62299999999999, 41.885), (-87.622, 41.885), (-87.621, 41.885), (-87.61999999999999, 41.885), (-87.619, 41.885), (-87.618, 41.885), (-87.624, 41.886), (-87.62299999999999, 41.886), (-87.622, 41.886), (-87.621, 41.886), (-87.61999999999999, 41.886), (-87.619, 41.886), (-87.618, 41.886), (-87.624, 41.887), (-87.62299999999999, 41.887), (-87.622, 41.887), (-87.621, 41.887), (-87.61999999999999, 41.887), (-87.619, 41.887), (-87.618, 41.887), (-87.624, 41.888), (-87.62299999999999, 41.888), (-87.622, 41.888), (-87.621, 41.888), (-87.61999999999999, 41.888), (-87.619, 41.888), (-87.618, 41.888), (-87.624, 41.889), (-87.62299999999999, 41.889), (-87.622, 41.889), (-87.621, 41.889), (-87.61999999999999, 41.889), (-87.619, 41.889), (-87.618, 41.889), (-87.624, 41.89), (-87.62299999999999, 41.89), (-87.622, 41.89), (-87.621, 41.89), (-87.61999999999999, 41.89), (-87.619, 41.89), (-87.618, 41.89), (-87.624, 41.891), (-87.62299999999999, 41.891), (-87.622, 41.891), (-87.621, 41.891), (-87.61999999999999, 41.891), (-87.619, 41.891), (-87.618, 41.891)]\n"
     ]
    },
    {
     "data": {
      "text/plain": [
       "56"
      ]
     },
     "execution_count": 17,
     "metadata": {},
     "output_type": "execute_result"
    }
   ],
   "source": [
    "print(locations)\n",
    "type(locations)\n",
    "len(locations)"
   ]
  },
  {
   "cell_type": "code",
   "execution_count": 20,
   "id": "24efa35b",
   "metadata": {},
   "outputs": [],
   "source": [
    "# Calling the API\n",
    "## Tutorial for using the API from https://www.youtube.com/watch?v=XNHU9vxGiJw"
   ]
  },
  {
   "cell_type": "code",
   "execution_count": 23,
   "id": "f5728067",
   "metadata": {},
   "outputs": [],
   "source": [
    "# Old\n",
    "body = {'locations': locations,\n",
    "       'metrics': ['distance']}\n",
    "\n",
    "headers = {\n",
    "    'Accept': 'application/json, application/geo+json, application/gpx+xml, img/png; charset=utf-8',\n",
    "    'Authorization': ORS_API_KEY,\n",
    "    'Content-Type': 'application/json; chrset=utf-8'\n",
    "}\n",
    "\n",
    "response = requests.post('https://api.openrouteservice.org/v2/matrix/foot-walking', json=body, headers=headers)"
   ]
  },
  {
   "cell_type": "code",
   "execution_count": 24,
   "id": "f965833b",
   "metadata": {},
   "outputs": [
    {
     "data": {
      "text/plain": [
       "[[0.0,\n",
       "  148.7,\n",
       "  222.3,\n",
       "  310.15,\n",
       "  401.12,\n",
       "  466.37,\n",
       "  558.11,\n",
       "  182.53,\n",
       "  275.27,\n",
       "  355.65,\n",
       "  418.5,\n",
       "  528.65,\n",
       "  536.73,\n",
       "  631.61,\n",
       "  492.39,\n",
       "  364.36,\n",
       "  464.91,\n",
       "  555.64,\n",
       "  565.47,\n",
       "  707.05,\n",
       "  797.69,\n",
       "  414.86,\n",
       "  502.69,\n",
       "  565.03,\n",
       "  618.76,\n",
       "  727.89,\n",
       "  754.45,\n",
       "  823.21,\n",
       "  526.05,\n",
       "  621.22,\n",
       "  686.85,\n",
       "  730.97,\n",
       "  782.04,\n",
       "  908.75,\n",
       "  1008.38,\n",
       "  610.31,\n",
       "  863.95,\n",
       "  865.64,\n",
       "  946.64,\n",
       "  972.07,\n",
       "  1054.49,\n",
       "  1218.0,\n",
       "  732.74,\n",
       "  801.92,\n",
       "  952.69,\n",
       "  989.55,\n",
       "  1023.66,\n",
       "  1187.47,\n",
       "  1259.35,\n",
       "  846.37,\n",
       "  913.07,\n",
       "  996.18,\n",
       "  1105.12,\n",
       "  1137.06,\n",
       "  1220.61,\n",
       "  1294.34],\n",
       " [148.7,\n",
       "  0.0,\n",
       "  125.02,\n",
       "  212.87,\n",
       "  303.84,\n",
       "  369.09,\n",
       "  460.84,\n",
       "  229.86,\n",
       "  322.61,\n",
       "  383.04,\n",
       "  321.22,\n",
       "  431.37,\n",
       "  439.45,\n",
       "  534.33,\n",
       "  539.73,\n",
       "  411.7,\n",
       "  487.63,\n",
       "  517.35,\n",
       "  468.2,\n",
       "  609.77,\n",
       "  700.41,\n",
       "  462.2,\n",
       "  550.02,\n",
       "  601.92,\n",
       "  521.48,\n",
       "  630.61,\n",
       "  657.17,\n",
       "  725.94,\n",
       "  573.38,\n",
       "  668.55,\n",
       "  698.25,\n",
       "  633.69,\n",
       "  684.76,\n",
       "  811.47,\n",
       "  911.1,\n",
       "  657.65,\n",
       "  911.29,\n",
       "  912.98,\n",
       "  920.21,\n",
       "  874.79,\n",
       "  957.21,\n",
       "  1120.72,\n",
       "  780.08,\n",
       "  849.26,\n",
       "  1000.02,\n",
       "  944.93,\n",
       "  926.39,\n",
       "  1090.19,\n",
       "  1162.07,\n",
       "  893.7,\n",
       "  960.4,\n",
       "  1043.52,\n",
       "  1152.46,\n",
       "  1039.78,\n",
       "  1123.33,\n",
       "  1197.06],\n",
       " [222.3,\n",
       "  125.02,\n",
       "  0.0,\n",
       "  124.77,\n",
       "  215.74,\n",
       "  280.99,\n",
       "  372.74,\n",
       "  303.46,\n",
       "  396.21,\n",
       "  294.94,\n",
       "  233.12,\n",
       "  343.27,\n",
       "  351.36,\n",
       "  446.23,\n",
       "  613.33,\n",
       "  473.31,\n",
       "  399.53,\n",
       "  429.25,\n",
       "  380.1,\n",
       "  521.67,\n",
       "  612.31,\n",
       "  535.8,\n",
       "  603.06,\n",
       "  513.82,\n",
       "  433.38,\n",
       "  542.51,\n",
       "  569.08,\n",
       "  637.84,\n",
       "  646.99,\n",
       "  683.7,\n",
       "  610.15,\n",
       "  545.59,\n",
       "  596.66,\n",
       "  723.37,\n",
       "  823.0,\n",
       "  731.25,\n",
       "  984.89,\n",
       "  913.09,\n",
       "  832.11,\n",
       "  786.69,\n",
       "  869.11,\n",
       "  1032.62,\n",
       "  853.68,\n",
       "  922.86,\n",
       "  984.1,\n",
       "  856.83,\n",
       "  838.29,\n",
       "  1002.09,\n",
       "  1073.97,\n",
       "  967.31,\n",
       "  1034.0,\n",
       "  1094.42,\n",
       "  1083.03,\n",
       "  951.69,\n",
       "  1035.23,\n",
       "  1108.96],\n",
       " [310.15,\n",
       "  212.87,\n",
       "  124.77,\n",
       "  0.0,\n",
       "  141.66,\n",
       "  206.91,\n",
       "  298.66,\n",
       "  390.77,\n",
       "  319.78,\n",
       "  220.86,\n",
       "  159.04,\n",
       "  269.19,\n",
       "  277.27,\n",
       "  372.15,\n",
       "  701.17,\n",
       "  399.23,\n",
       "  325.45,\n",
       "  355.17,\n",
       "  306.02,\n",
       "  447.59,\n",
       "  538.23,\n",
       "  623.64,\n",
       "  528.98,\n",
       "  439.74,\n",
       "  359.3,\n",
       "  468.43,\n",
       "  494.99,\n",
       "  563.76,\n",
       "  734.83,\n",
       "  609.62,\n",
       "  536.07,\n",
       "  471.51,\n",
       "  522.58,\n",
       "  649.29,\n",
       "  748.92,\n",
       "  819.09,\n",
       "  931.09,\n",
       "  839.01,\n",
       "  758.03,\n",
       "  712.61,\n",
       "  795.03,\n",
       "  958.54,\n",
       "  941.52,\n",
       "  1010.7,\n",
       "  910.02,\n",
       "  782.75,\n",
       "  764.21,\n",
       "  928.01,\n",
       "  999.89,\n",
       "  1055.15,\n",
       "  1109.1,\n",
       "  1020.34,\n",
       "  1008.94,\n",
       "  877.6,\n",
       "  961.15,\n",
       "  1034.88],\n",
       " [401.12,\n",
       "  303.84,\n",
       "  215.74,\n",
       "  141.66,\n",
       "  0.0,\n",
       "  74.37,\n",
       "  166.14,\n",
       "  447.9,\n",
       "  376.91,\n",
       "  277.99,\n",
       "  216.17,\n",
       "  256.81,\n",
       "  264.89,\n",
       "  359.77,\n",
       "  792.14,\n",
       "  456.36,\n",
       "  382.58,\n",
       "  425.63,\n",
       "  300.14,\n",
       "  441.71,\n",
       "  436.43,\n",
       "  714.61,\n",
       "  579.76,\n",
       "  490.52,\n",
       "  410.08,\n",
       "  462.55,\n",
       "  489.12,\n",
       "  557.88,\n",
       "  825.8,\n",
       "  660.4,\n",
       "  586.85,\n",
       "  522.29,\n",
       "  518.71,\n",
       "  645.42,\n",
       "  745.06,\n",
       "  875.83,\n",
       "  927.22,\n",
       "  835.15,\n",
       "  754.16,\n",
       "  708.74,\n",
       "  791.16,\n",
       "  954.67,\n",
       "  998.26,\n",
       "  1232.31,\n",
       "  906.15,\n",
       "  778.88,\n",
       "  760.34,\n",
       "  924.14,\n",
       "  996.02,\n",
       "  1111.89,\n",
       "  1105.23,\n",
       "  1016.47,\n",
       "  1005.08,\n",
       "  873.74,\n",
       "  957.28,\n",
       "  1031.01],\n",
       " [466.37,\n",
       "  369.09,\n",
       "  280.99,\n",
       "  206.91,\n",
       "  74.37,\n",
       "  0.0,\n",
       "  91.77,\n",
       "  513.15,\n",
       "  442.16,\n",
       "  343.24,\n",
       "  281.42,\n",
       "  322.06,\n",
       "  330.14,\n",
       "  302.56,\n",
       "  857.39,\n",
       "  521.61,\n",
       "  447.83,\n",
       "  490.88,\n",
       "  365.39,\n",
       "  424.81,\n",
       "  362.06,\n",
       "  779.86,\n",
       "  645.01,\n",
       "  555.77,\n",
       "  475.33,\n",
       "  527.8,\n",
       "  554.37,\n",
       "  623.13,\n",
       "  891.05,\n",
       "  725.65,\n",
       "  652.1,\n",
       "  587.54,\n",
       "  583.96,\n",
       "  710.67,\n",
       "  670.03,\n",
       "  941.08,\n",
       "  992.47,\n",
       "  900.39,\n",
       "  819.41,\n",
       "  773.99,\n",
       "  856.41,\n",
       "  1019.92,\n",
       "  1063.51,\n",
       "  1297.56,\n",
       "  971.4,\n",
       "  844.13,\n",
       "  825.59,\n",
       "  989.39,\n",
       "  1061.27,\n",
       "  1177.13,\n",
       "  1170.48,\n",
       "  1081.72,\n",
       "  1070.33,\n",
       "  938.99,\n",
       "  1022.53,\n",
       "  1096.26],\n",
       " [558.11,\n",
       "  460.84,\n",
       "  372.74,\n",
       "  298.66,\n",
       "  166.14,\n",
       "  91.77,\n",
       "  0.0,\n",
       "  604.89,\n",
       "  533.91,\n",
       "  434.99,\n",
       "  373.16,\n",
       "  413.8,\n",
       "  308.22,\n",
       "  239.16,\n",
       "  949.14,\n",
       "  613.35,\n",
       "  539.58,\n",
       "  582.63,\n",
       "  457.14,\n",
       "  361.41,\n",
       "  298.66,\n",
       "  871.61,\n",
       "  736.76,\n",
       "  647.52,\n",
       "  567.08,\n",
       "  619.55,\n",
       "  510.09,\n",
       "  575.88,\n",
       "  982.8,\n",
       "  817.4,\n",
       "  743.85,\n",
       "  679.29,\n",
       "  675.71,\n",
       "  694.62,\n",
       "  606.63,\n",
       "  1032.83,\n",
       "  1084.22,\n",
       "  992.14,\n",
       "  911.16,\n",
       "  865.74,\n",
       "  948.16,\n",
       "  1111.67,\n",
       "  1155.25,\n",
       "  1389.31,\n",
       "  1063.15,\n",
       "  935.88,\n",
       "  917.33,\n",
       "  1081.14,\n",
       "  1153.02,\n",
       "  1268.88,\n",
       "  1262.23,\n",
       "  1173.47,\n",
       "  1162.07,\n",
       "  1030.73,\n",
       "  1114.28,\n",
       "  1188.01],\n",
       " [182.53,\n",
       "  229.86,\n",
       "  303.46,\n",
       "  390.77,\n",
       "  447.9,\n",
       "  513.15,\n",
       "  604.89,\n",
       "  0.0,\n",
       "  181.0,\n",
       "  261.38,\n",
       "  339.5,\n",
       "  493.5,\n",
       "  501.58,\n",
       "  596.45,\n",
       "  358.37,\n",
       "  230.34,\n",
       "  283.41,\n",
       "  374.14,\n",
       "  520.11,\n",
       "  661.68,\n",
       "  752.32,\n",
       "  280.84,\n",
       "  368.67,\n",
       "  383.53,\n",
       "  470.39,\n",
       "  537.19,\n",
       "  627.91,\n",
       "  696.67,\n",
       "  392.03,\n",
       "  487.19,\n",
       "  505.35,\n",
       "  597.28,\n",
       "  652.16,\n",
       "  778.87,\n",
       "  878.5,\n",
       "  476.29,\n",
       "  729.93,\n",
       "  731.62,\n",
       "  812.62,\n",
       "  842.19,\n",
       "  924.61,\n",
       "  1088.12,\n",
       "  598.72,\n",
       "  667.9,\n",
       "  818.66,\n",
       "  855.52,\n",
       "  893.79,\n",
       "  1057.59,\n",
       "  1129.47,\n",
       "  712.35,\n",
       "  779.04,\n",
       "  862.16,\n",
       "  971.1,\n",
       "  1007.19,\n",
       "  1090.73,\n",
       "  1164.46],\n",
       " [275.27,\n",
       "  322.61,\n",
       "  396.21,\n",
       "  319.78,\n",
       "  376.91,\n",
       "  442.16,\n",
       "  533.91,\n",
       "  181.0,\n",
       "  0.0,\n",
       "  98.92,\n",
       "  268.51,\n",
       "  414.12,\n",
       "  430.59,\n",
       "  525.46,\n",
       "  487.88,\n",
       "  250.8,\n",
       "  191.59,\n",
       "  282.68,\n",
       "  385.89,\n",
       "  527.46,\n",
       "  618.1,\n",
       "  410.35,\n",
       "  380.15,\n",
       "  324.57,\n",
       "  411.43,\n",
       "  445.73,\n",
       "  567.46,\n",
       "  636.23,\n",
       "  521.54,\n",
       "  483.97,\n",
       "  446.38,\n",
       "  538.32,\n",
       "  593.2,\n",
       "  719.91,\n",
       "  819.54,\n",
       "  605.8,\n",
       "  859.44,\n",
       "  861.13,\n",
       "  828.65,\n",
       "  783.23,\n",
       "  865.65,\n",
       "  1029.16,\n",
       "  728.23,\n",
       "  797.41,\n",
       "  948.18,\n",
       "  853.37,\n",
       "  834.83,\n",
       "  998.63,\n",
       "  1070.51,\n",
       "  841.86,\n",
       "  908.56,\n",
       "  991.67,\n",
       "  1079.56,\n",
       "  948.22,\n",
       "  1031.77,\n",
       "  1105.5],\n",
       " [355.65,\n",
       "  383.04,\n",
       "  294.94,\n",
       "  220.86,\n",
       "  277.99,\n",
       "  343.24,\n",
       "  434.99,\n",
       "  261.38,\n",
       "  98.92,\n",
       "  0.0,\n",
       "  169.59,\n",
       "  323.59,\n",
       "  331.67,\n",
       "  426.55,\n",
       "  524.65,\n",
       "  178.86,\n",
       "  118.32,\n",
       "  209.36,\n",
       "  313.95,\n",
       "  455.52,\n",
       "  546.16,\n",
       "  447.12,\n",
       "  308.2,\n",
       "  252.63,\n",
       "  339.49,\n",
       "  372.41,\n",
       "  495.52,\n",
       "  564.28,\n",
       "  558.3,\n",
       "  412.02,\n",
       "  374.44,\n",
       "  466.38,\n",
       "  521.26,\n",
       "  647.97,\n",
       "  747.6,\n",
       "  627.45,\n",
       "  881.09,\n",
       "  837.69,\n",
       "  756.7,\n",
       "  711.29,\n",
       "  793.71,\n",
       "  957.22,\n",
       "  749.88,\n",
       "  834.18,\n",
       "  908.7,\n",
       "  781.43,\n",
       "  762.88,\n",
       "  926.69,\n",
       "  998.56,\n",
       "  863.51,\n",
       "  930.2,\n",
       "  1013.32,\n",
       "  1007.62,\n",
       "  876.28,\n",
       "  959.83,\n",
       "  1033.56],\n",
       " [418.5,\n",
       "  321.22,\n",
       "  233.12,\n",
       "  159.04,\n",
       "  216.17,\n",
       "  281.42,\n",
       "  373.16,\n",
       "  339.5,\n",
       "  268.51,\n",
       "  169.59,\n",
       "  0.0,\n",
       "  219.85,\n",
       "  269.85,\n",
       "  364.72,\n",
       "  615.22,\n",
       "  269.44,\n",
       "  237.93,\n",
       "  260.45,\n",
       "  191.62,\n",
       "  333.19,\n",
       "  423.83,\n",
       "  537.69,\n",
       "  398.78,\n",
       "  325.35,\n",
       "  244.9,\n",
       "  354.03,\n",
       "  380.6,\n",
       "  449.36,\n",
       "  648.88,\n",
       "  495.23,\n",
       "  421.68,\n",
       "  357.12,\n",
       "  408.19,\n",
       "  534.9,\n",
       "  634.53,\n",
       "  710.65,\n",
       "  816.69,\n",
       "  724.62,\n",
       "  643.63,\n",
       "  598.21,\n",
       "  680.64,\n",
       "  844.15,\n",
       "  833.08,\n",
       "  1067.13,\n",
       "  795.62,\n",
       "  668.35,\n",
       "  649.81,\n",
       "  813.61,\n",
       "  885.49,\n",
       "  946.71,\n",
       "  994.7,\n",
       "  905.94,\n",
       "  894.55,\n",
       "  763.21,\n",
       "  846.75,\n",
       "  920.48],\n",
       " [528.65,\n",
       "  431.37,\n",
       "  343.27,\n",
       "  269.19,\n",
       "  256.81,\n",
       "  322.06,\n",
       "  413.8,\n",
       "  493.5,\n",
       "  414.12,\n",
       "  323.59,\n",
       "  219.85,\n",
       "  0.0,\n",
       "  240.97,\n",
       "  335.85,\n",
       "  648.27,\n",
       "  386.6,\n",
       "  355.09,\n",
       "  295.13,\n",
       "  169.64,\n",
       "  311.21,\n",
       "  401.85,\n",
       "  570.74,\n",
       "  449.26,\n",
       "  360.03,\n",
       "  279.58,\n",
       "  332.06,\n",
       "  358.62,\n",
       "  427.38,\n",
       "  681.93,\n",
       "  529.9,\n",
       "  456.35,\n",
       "  391.79,\n",
       "  388.22,\n",
       "  514.93,\n",
       "  614.56,\n",
       "  745.33,\n",
       "  796.72,\n",
       "  704.65,\n",
       "  623.66,\n",
       "  578.24,\n",
       "  660.67,\n",
       "  824.18,\n",
       "  867.76,\n",
       "  1101.81,\n",
       "  775.65,\n",
       "  648.38,\n",
       "  629.84,\n",
       "  793.64,\n",
       "  865.52,\n",
       "  981.39,\n",
       "  974.73,\n",
       "  885.97,\n",
       "  874.58,\n",
       "  743.24,\n",
       "  826.78,\n",
       "  900.51],\n",
       " [536.73,\n",
       "  439.45,\n",
       "  351.36,\n",
       "  277.27,\n",
       "  264.89,\n",
       "  330.14,\n",
       "  308.22,\n",
       "  501.58,\n",
       "  430.59,\n",
       "  331.67,\n",
       "  269.85,\n",
       "  240.97,\n",
       "  0.0,\n",
       "  207.29,\n",
       "  855.82,\n",
       "  510.04,\n",
       "  436.26,\n",
       "  393.16,\n",
       "  350.35,\n",
       "  442.35,\n",
       "  379.6,\n",
       "  778.29,\n",
       "  629.97,\n",
       "  540.73,\n",
       "  460.29,\n",
       "  512.76,\n",
       "  539.33,\n",
       "  608.09,\n",
       "  889.48,\n",
       "  710.61,\n",
       "  637.06,\n",
       "  572.5,\n",
       "  568.92,\n",
       "  695.63,\n",
       "  687.57,\n",
       "  926.04,\n",
       "  977.43,\n",
       "  885.36,\n",
       "  804.37,\n",
       "  758.95,\n",
       "  841.37,\n",
       "  1004.88,\n",
       "  1048.47,\n",
       "  1282.52,\n",
       "  956.36,\n",
       "  829.09,\n",
       "  810.55,\n",
       "  974.35,\n",
       "  1046.23,\n",
       "  1162.1,\n",
       "  1155.44,\n",
       "  1066.68,\n",
       "  1055.29,\n",
       "  923.95,\n",
       "  1007.49,\n",
       "  1081.22],\n",
       " [631.61,\n",
       "  534.33,\n",
       "  446.23,\n",
       "  372.15,\n",
       "  359.77,\n",
       "  302.56,\n",
       "  239.16,\n",
       "  596.45,\n",
       "  525.46,\n",
       "  426.55,\n",
       "  364.72,\n",
       "  335.85,\n",
       "  207.29,\n",
       "  0.0,\n",
       "  950.7,\n",
       "  604.91,\n",
       "  531.14,\n",
       "  488.04,\n",
       "  445.23,\n",
       "  373.29,\n",
       "  310.54,\n",
       "  873.17,\n",
       "  724.85,\n",
       "  635.61,\n",
       "  555.17,\n",
       "  607.64,\n",
       "  521.97,\n",
       "  587.76,\n",
       "  984.36,\n",
       "  805.49,\n",
       "  731.94,\n",
       "  667.38,\n",
       "  663.8,\n",
       "  706.5,\n",
       "  618.51,\n",
       "  1020.92,\n",
       "  1072.31,\n",
       "  980.23,\n",
       "  899.25,\n",
       "  853.83,\n",
       "  936.25,\n",
       "  1099.76,\n",
       "  1143.34,\n",
       "  1377.4,\n",
       "  1051.24,\n",
       "  923.97,\n",
       "  905.43,\n",
       "  1069.23,\n",
       "  1141.11,\n",
       "  1256.97,\n",
       "  1250.32,\n",
       "  1161.56,\n",
       "  1150.16,\n",
       "  1018.82,\n",
       "  1102.37,\n",
       "  1176.1],\n",
       " [492.39,\n",
       "  539.73,\n",
       "  613.33,\n",
       "  701.17,\n",
       "  792.14,\n",
       "  857.39,\n",
       "  949.14,\n",
       "  358.37,\n",
       "  487.88,\n",
       "  524.65,\n",
       "  615.22,\n",
       "  648.27,\n",
       "  855.82,\n",
       "  950.7,\n",
       "  0.0,\n",
       "  345.79,\n",
       "  467.45,\n",
       "  538.97,\n",
       "  599.08,\n",
       "  678.94,\n",
       "  769.58,\n",
       "  111.21,\n",
       "  199.04,\n",
       "  294.28,\n",
       "  381.15,\n",
       "  507.77,\n",
       "  586.96,\n",
       "  655.72,\n",
       "  222.4,\n",
       "  319.15,\n",
       "  410.48,\n",
       "  508.04,\n",
       "  562.92,\n",
       "  689.63,\n",
       "  789.26,\n",
       "  430.66,\n",
       "  684.3,\n",
       "  685.99,\n",
       "  766.99,\n",
       "  752.95,\n",
       "  835.37,\n",
       "  998.88,\n",
       "  553.09,\n",
       "  735.02,\n",
       "  773.04,\n",
       "  809.89,\n",
       "  804.54,\n",
       "  968.35,\n",
       "  1040.22,\n",
       "  666.72,\n",
       "  733.41,\n",
       "  816.53,\n",
       "  925.47,\n",
       "  917.94,\n",
       "  1001.49,\n",
       "  1075.21],\n",
       " [364.36,\n",
       "  411.7,\n",
       "  473.31,\n",
       "  399.23,\n",
       "  456.36,\n",
       "  521.61,\n",
       "  613.35,\n",
       "  230.34,\n",
       "  250.8,\n",
       "  178.86,\n",
       "  269.44,\n",
       "  386.6,\n",
       "  510.04,\n",
       "  604.91,\n",
       "  345.79,\n",
       "  0.0,\n",
       "  121.66,\n",
       "  212.4,\n",
       "  358.36,\n",
       "  499.93,\n",
       "  590.58,\n",
       "  268.26,\n",
       "  221.67,\n",
       "  202.96,\n",
       "  289.82,\n",
       "  416.45,\n",
       "  447.34,\n",
       "  516.11,\n",
       "  379.45,\n",
       "  325.5,\n",
       "  324.78,\n",
       "  416.71,\n",
       "  471.59,\n",
       "  598.3,\n",
       "  697.94,\n",
       "  463.71,\n",
       "  717.35,\n",
       "  719.04,\n",
       "  707.04,\n",
       "  661.62,\n",
       "  744.04,\n",
       "  907.55,\n",
       "  586.14,\n",
       "  655.32,\n",
       "  806.08,\n",
       "  731.76,\n",
       "  713.22,\n",
       "  877.02,\n",
       "  948.9,\n",
       "  699.76,\n",
       "  766.46,\n",
       "  849.58,\n",
       "  957.96,\n",
       "  826.62,\n",
       "  910.16,\n",
       "  983.89],\n",
       " [464.91,\n",
       "  487.63,\n",
       "  399.53,\n",
       "  325.45,\n",
       "  382.58,\n",
       "  447.83,\n",
       "  539.58,\n",
       "  283.41,\n",
       "  191.59,\n",
       "  118.32,\n",
       "  237.93,\n",
       "  355.09,\n",
       "  436.26,\n",
       "  531.14,\n",
       "  467.45,\n",
       "  121.66,\n",
       "  0.0,\n",
       "  102.96,\n",
       "  303.2,\n",
       "  468.43,\n",
       "  559.07,\n",
       "  389.92,\n",
       "  251.01,\n",
       "  195.43,\n",
       "  227.53,\n",
       "  266.01,\n",
       "  364.77,\n",
       "  433.53,\n",
       "  501.11,\n",
       "  354.83,\n",
       "  317.24,\n",
       "  339.74,\n",
       "  390.81,\n",
       "  517.53,\n",
       "  617.16,\n",
       "  570.25,\n",
       "  799.32,\n",
       "  707.25,\n",
       "  626.26,\n",
       "  580.84,\n",
       "  663.27,\n",
       "  826.78,\n",
       "  692.68,\n",
       "  776.98,\n",
       "  778.25,\n",
       "  650.98,\n",
       "  632.44,\n",
       "  796.24,\n",
       "  868.12,\n",
       "  806.31,\n",
       "  873.01,\n",
       "  888.57,\n",
       "  877.18,\n",
       "  745.84,\n",
       "  829.38,\n",
       "  903.11],\n",
       " [555.64,\n",
       "  517.35,\n",
       "  429.25,\n",
       "  355.17,\n",
       "  425.63,\n",
       "  490.88,\n",
       "  582.63,\n",
       "  374.14,\n",
       "  282.68,\n",
       "  209.36,\n",
       "  260.45,\n",
       "  295.13,\n",
       "  393.16,\n",
       "  488.04,\n",
       "  538.97,\n",
       "  212.4,\n",
       "  102.96,\n",
       "  0.0,\n",
       "  245.95,\n",
       "  395.5,\n",
       "  486.14,\n",
       "  461.44,\n",
       "  339.97,\n",
       "  250.73,\n",
       "  170.28,\n",
       "  189.18,\n",
       "  307.52,\n",
       "  376.28,\n",
       "  572.63,\n",
       "  420.61,\n",
       "  347.06,\n",
       "  282.5,\n",
       "  333.57,\n",
       "  460.28,\n",
       "  559.91,\n",
       "  636.03,\n",
       "  742.07,\n",
       "  650.0,\n",
       "  569.01,\n",
       "  523.59,\n",
       "  606.02,\n",
       "  769.53,\n",
       "  758.46,\n",
       "  992.51,\n",
       "  721.0,\n",
       "  593.73,\n",
       "  575.19,\n",
       "  738.99,\n",
       "  810.87,\n",
       "  872.09,\n",
       "  920.08,\n",
       "  831.32,\n",
       "  819.93,\n",
       "  688.59,\n",
       "  772.13,\n",
       "  845.86],\n",
       " [565.47,\n",
       "  468.2,\n",
       "  380.1,\n",
       "  306.02,\n",
       "  300.14,\n",
       "  365.39,\n",
       "  457.14,\n",
       "  520.11,\n",
       "  385.89,\n",
       "  313.95,\n",
       "  191.62,\n",
       "  169.64,\n",
       "  350.35,\n",
       "  445.23,\n",
       "  599.08,\n",
       "  358.36,\n",
       "  303.2,\n",
       "  245.95,\n",
       "  0.0,\n",
       "  176.34,\n",
       "  266.98,\n",
       "  521.55,\n",
       "  400.08,\n",
       "  310.84,\n",
       "  230.4,\n",
       "  162.41,\n",
       "  198.04,\n",
       "  263.83,\n",
       "  632.74,\n",
       "  480.72,\n",
       "  407.17,\n",
       "  342.61,\n",
       "  339.03,\n",
       "  465.74,\n",
       "  565.37,\n",
       "  696.15,\n",
       "  747.54,\n",
       "  655.46,\n",
       "  574.48,\n",
       "  529.06,\n",
       "  611.48,\n",
       "  774.99,\n",
       "  818.58,\n",
       "  1052.63,\n",
       "  726.47,\n",
       "  599.2,\n",
       "  580.66,\n",
       "  744.46,\n",
       "  816.34,\n",
       "  932.2,\n",
       "  925.55,\n",
       "  836.79,\n",
       "  825.4,\n",
       "  694.06,\n",
       "  777.6,\n",
       "  851.33],\n",
       " [707.05,\n",
       "  609.77,\n",
       "  521.67,\n",
       "  447.59,\n",
       "  441.71,\n",
       "  424.81,\n",
       "  361.41,\n",
       "  661.68,\n",
       "  527.46,\n",
       "  455.52,\n",
       "  333.19,\n",
       "  311.21,\n",
       "  442.35,\n",
       "  373.29,\n",
       "  678.94,\n",
       "  499.93,\n",
       "  468.43,\n",
       "  395.5,\n",
       "  176.34,\n",
       "  0.0,\n",
       "  90.64,\n",
       "  601.41,\n",
       "  479.93,\n",
       "  388.7,\n",
       "  308.26,\n",
       "  265.21,\n",
       "  148.68,\n",
       "  214.47,\n",
       "  712.6,\n",
       "  532.74,\n",
       "  459.19,\n",
       "  394.63,\n",
       "  389.21,\n",
       "  515.92,\n",
       "  393.22,\n",
       "  748.17,\n",
       "  797.71,\n",
       "  705.64,\n",
       "  624.65,\n",
       "  579.24,\n",
       "  661.66,\n",
       "  825.17,\n",
       "  870.59,\n",
       "  1104.65,\n",
       "  776.65,\n",
       "  649.38,\n",
       "  630.83,\n",
       "  794.64,\n",
       "  866.51,\n",
       "  984.22,\n",
       "  975.72,\n",
       "  886.97,\n",
       "  875.57,\n",
       "  744.23,\n",
       "  827.78,\n",
       "  901.5],\n",
       " [797.69,\n",
       "  700.41,\n",
       "  612.31,\n",
       "  538.23,\n",
       "  436.43,\n",
       "  362.06,\n",
       "  298.66,\n",
       "  752.32,\n",
       "  618.1,\n",
       "  546.16,\n",
       "  423.83,\n",
       "  401.85,\n",
       "  379.6,\n",
       "  310.54,\n",
       "  769.58,\n",
       "  590.58,\n",
       "  559.07,\n",
       "  486.14,\n",
       "  266.98,\n",
       "  90.64,\n",
       "  0.0,\n",
       "  692.05,\n",
       "  570.58,\n",
       "  479.34,\n",
       "  398.9,\n",
       "  355.85,\n",
       "  239.32,\n",
       "  305.11,\n",
       "  803.24,\n",
       "  623.38,\n",
       "  549.83,\n",
       "  485.27,\n",
       "  479.85,\n",
       "  479.71,\n",
       "  391.72,\n",
       "  838.81,\n",
       "  888.36,\n",
       "  796.28,\n",
       "  715.29,\n",
       "  669.88,\n",
       "  752.3,\n",
       "  915.81,\n",
       "  961.24,\n",
       "  1195.29,\n",
       "  867.29,\n",
       "  740.02,\n",
       "  721.47,\n",
       "  885.28,\n",
       "  957.16,\n",
       "  1074.87,\n",
       "  1066.37,\n",
       "  977.61,\n",
       "  966.21,\n",
       "  834.87,\n",
       "  918.42,\n",
       "  992.15],\n",
       " [414.86,\n",
       "  462.2,\n",
       "  535.8,\n",
       "  623.64,\n",
       "  714.61,\n",
       "  779.86,\n",
       "  871.61,\n",
       "  280.84,\n",
       "  410.35,\n",
       "  447.12,\n",
       "  537.69,\n",
       "  570.74,\n",
       "  778.29,\n",
       "  873.17,\n",
       "  111.21,\n",
       "  268.26,\n",
       "  389.92,\n",
       "  461.44,\n",
       "  521.55,\n",
       "  601.41,\n",
       "  692.05,\n",
       "  0.0,\n",
       "  121.51,\n",
       "  216.75,\n",
       "  303.62,\n",
       "  430.24,\n",
       "  509.43,\n",
       "  578.19,\n",
       "  111.19,\n",
       "  241.62,\n",
       "  332.95,\n",
       "  430.51,\n",
       "  485.39,\n",
       "  612.1,\n",
       "  711.73,\n",
       "  353.13,\n",
