{
 "cells": [
  {
   "cell_type": "code",
   "execution_count": 1,
   "id": "b80eb828",
   "metadata": {},
   "outputs": [],
   "source": [
    "ORS_API_KEY = '5b3ce3597851110001cf624894d872a97a6d4ec7bc1f8b0ebc1db70b'"
   ]
  },
  {
   "cell_type": "code",
   "execution_count": 2,
   "id": "31804137",
   "metadata": {},
   "outputs": [],
   "source": [
    "import pandas as pd\n",
    "import requests\n",
    "import matplotlib.pyplot as plt\n",
    "import networkx as nx"
   ]
  },
  {
   "cell_type": "code",
   "execution_count": 3,
   "id": "f0f20948",
   "metadata": {},
   "outputs": [],
   "source": [
    "# Which city do you want to map neighborhoods in?\n",
    "# Edit the my_lat and my_long point variables below.\n",
    "# This program will analyze 64 points\n",
    "# ...over a square of 0.007 degrees latitude to the north and 0.007 degrees longtude to the west/east depending on sign"
   ]
  },
  {
   "cell_type": "code",
   "execution_count": 36,
   "id": "3c603247",
   "metadata": {},
   "outputs": [],
   "source": [
    "my_lat = 37.84\n",
    "my_long = -101.407"
   ]
  },
  {
   "cell_type": "code",
   "execution_count": 5,
   "id": "b56f1a54",
   "metadata": {},
   "outputs": [],
   "source": [
    "# PART ONE: CREATE THE POINTS DATAFRAME"
   ]
  },
  {
   "cell_type": "code",
   "execution_count": 6,
   "id": "f7d09bbb",
   "metadata": {},
   "outputs": [],
   "source": [
    "# Get Lat and Long into Dataframe"
   ]
  },
  {
   "cell_type": "code",
   "execution_count": 37,
   "id": "0e42874d",
   "metadata": {},
   "outputs": [],
   "source": [
    "row_names = (\"AA\",\n",
    "         \"AB\",\n",
    "         \"AC\",\n",
    "         \"AD\",\n",
    "         \"AE\",\n",
    "         \"AF\",\n",
    "         \"AG\",\n",
    "         \"BA\",\n",
    "         \"BB\",\n",
    "         \"BC\",\n",
    "         \"BD\",\n",
    "         \"BE\",\n",
    "         \"BF\",\n",
    "         \"BG\",\n",
    "         \"CA\",\n",
    "         \"CB\",\n",
    "         \"CC\",\n",
    "         \"CD\",\n",
    "         \"CE\",\n",
    "         \"CF\",\n",
    "         \"CG\",\n",
    "         \"DA\",\n",
    "         \"DB\",\n",
    "         \"DC\",\n",
    "         \"DD\",\n",
    "         \"DE\",\n",
    "         \"DF\",\n",
    "         \"DG\",\n",
    "         \"EA\",\n",
    "         \"EB\",\n",
    "         \"EC\",\n",
    "         \"ED\",\n",
    "         \"EE\",\n",
    "         \"EF\",\n",
    "         \"EG\",\n",
    "         \"FA\",\n",
    "         \"FB\",\n",
    "         \"FC\",\n",
    "         \"FD\",\n",
    "         \"FE\",\n",
    "         \"FF\",\n",
    "         \"FG\",\n",
    "         \"GA\",\n",
    "         \"GB\",\n",
    "         \"GC\",\n",
    "         \"GD\",\n",
    "         \"GE\",\n",
    "         \"GF\",\n",
    "         \"GG\",\n",
    "         \"HA\",\n",
    "         \"HB\",\n",
    "         \"HC\",\n",
    "         \"HD\",\n",
    "         \"HE\",\n",
    "         \"HF\",\n",
    "         \"HG\",)"
   ]
  },
  {
   "cell_type": "code",
   "execution_count": 38,
   "id": "01e98c18",
   "metadata": {},
   "outputs": [],
   "source": [
    "Latitude = (my_lat,\n",
    "         my_lat,\n",
    "         my_lat,\n",
    "         my_lat,\n",
    "         my_lat,\n",
    "         my_lat,\n",
    "         my_lat,\n",
    "         (my_lat+0.001),\n",
    "         (my_lat+0.001),\n",
    "         (my_lat+0.001),\n",
    "         (my_lat+0.001),\n",
    "         (my_lat+0.001),\n",
    "         (my_lat+0.001),\n",
    "         (my_lat+0.001),\n",
    "         (my_lat+0.002),\n",
    "         (my_lat+0.002),\n",
    "         (my_lat+0.002),\n",
    "         (my_lat+0.002),\n",
    "         (my_lat+0.002),\n",
    "         (my_lat+0.002),\n",
    "         (my_lat+0.002),\n",
    "         (my_lat+0.003),\n",
    "         (my_lat+0.003),\n",
    "         (my_lat+0.003),\n",
    "         (my_lat+0.003),\n",
    "         (my_lat+0.003),\n",
    "         (my_lat+0.003),\n",
    "         (my_lat+0.003),\n",
    "         (my_lat+0.004),\n",
    "         (my_lat+0.004),\n",
    "         (my_lat+0.004),\n",
    "         (my_lat+0.004),\n",
    "         (my_lat+0.004),\n",
    "         (my_lat+0.004),\n",
    "         (my_lat+0.004),\n",
    "         (my_lat+0.005),\n",
    "         (my_lat+0.005),\n",
    "         (my_lat+0.005),\n",
    "         (my_lat+0.005),\n",
    "         (my_lat+0.005),\n",
    "         (my_lat+0.005),\n",
    "         (my_lat+0.005),\n",
    "         (my_lat+0.006),\n",
    "         (my_lat+0.006),\n",
    "         (my_lat+0.006),\n",
    "         (my_lat+0.006),\n",
    "         (my_lat+0.006),\n",
    "         (my_lat+0.006),\n",
    "         (my_lat+0.006),\n",
    "         (my_lat+0.007),\n",
    "         (my_lat+0.007),\n",
    "         (my_lat+0.007),\n",
    "         (my_lat+0.007),\n",
    "         (my_lat+0.007),\n",
    "         (my_lat+0.007),\n",
    "         (my_lat+0.007),)"
   ]
  },
  {
   "cell_type": "code",
   "execution_count": 39,
   "id": "ca4f8479",
   "metadata": {},
   "outputs": [],
   "source": [
    "Longitude = (my_long,\n",
    "         (my_long+0.001),\n",
    "         (my_long+0.002),\n",
    "         (my_long+0.003),\n",
    "         (my_long+0.004),\n",
    "         (my_long+0.005),\n",
    "         (my_long+0.006),\n",
    "         my_long,\n",
    "         (my_long+0.001),\n",
    "         (my_long+0.002),\n",
    "         (my_long+0.003),\n",
    "         (my_long+0.004),\n",
    "         (my_long+0.005),\n",
    "         (my_long+0.006),\n",
    "         my_long,\n",
    "         (my_long+0.001),\n",
    "         (my_long+0.002),\n",
    "         (my_long+0.003),\n",
    "         (my_long+0.004),\n",
    "         (my_long+0.005),\n",
    "         (my_long+0.006),\n",
    "         my_long,\n",
    "         (my_long+0.001),\n",
    "         (my_long+0.002),\n",
    "         (my_long+0.003),\n",
    "         (my_long+0.004),\n",
    "         (my_long+0.005),\n",
    "         (my_long+0.006),\n",
    "         my_long,\n",
    "         (my_long+0.001),\n",
    "         (my_long+0.002),\n",
    "         (my_long+0.003),\n",
    "         (my_long+0.004),\n",
    "         (my_long+0.005),\n",
    "         (my_long+0.006),\n",
    "         my_long,\n",
    "         (my_long+0.001),\n",
    "         (my_long+0.002),\n",
    "         (my_long+0.003),\n",
    "         (my_long+0.004),\n",
    "         (my_long+0.005),\n",
    "         (my_long+0.006),\n",
    "         my_long,\n",
    "         (my_long+0.001),\n",
    "         (my_long+0.002),\n",
    "         (my_long+0.003),\n",
    "         (my_long+0.004),\n",
    "         (my_long+0.005),\n",
    "         (my_long+0.006),\n",
    "         my_long,\n",
    "         (my_long+0.001),\n",
    "         (my_long+0.002),\n",
    "         (my_long+0.003),\n",
    "         (my_long+0.004),\n",
    "         (my_long+0.005),\n",
    "         (my_long+0.006),)"
   ]
  },
  {
   "cell_type": "code",
   "execution_count": 10,
   "id": "09aa823c",
   "metadata": {},
   "outputs": [],
   "source": [
    "data = pd.DataFrame(\n",
    "    {'row_names': row_names,\n",
    "     'Latitude': Latitude,\n",
    "     'Longitude': Longitude\n",
    "    })"
   ]
  },
  {
   "cell_type": "code",
   "execution_count": 11,
   "id": "68593789",
   "metadata": {},
   "outputs": [
    {
     "data": {
      "text/html": [
       "<div>\n",
       "<style scoped>\n",
       "    .dataframe tbody tr th:only-of-type {\n",
       "        vertical-align: middle;\n",
       "    }\n",
       "\n",
       "    .dataframe tbody tr th {\n",
       "        vertical-align: top;\n",
       "    }\n",
       "\n",
       "    .dataframe thead th {\n",
       "        text-align: right;\n",
       "    }\n",
       "</style>\n",
       "<table border=\"1\" class=\"dataframe\">\n",
       "  <thead>\n",
       "    <tr style=\"text-align: right;\">\n",
       "      <th></th>\n",
       "      <th>row_names</th>\n",
       "      <th>Latitude</th>\n",
       "      <th>Longitude</th>\n",
       "    </tr>\n",
       "  </thead>\n",
       "  <tbody>\n",
       "    <tr>\n",
       "      <th>0</th>\n",
       "      <td>AA</td>\n",
       "      <td>48.806</td>\n",
       "      <td>2.500</td>\n",
       "    </tr>\n",
       "    <tr>\n",
       "      <th>1</th>\n",
       "      <td>AB</td>\n",
       "      <td>48.806</td>\n",
       "      <td>2.501</td>\n",
       "    </tr>\n",
       "    <tr>\n",
       "      <th>2</th>\n",
       "      <td>AC</td>\n",
       "      <td>48.806</td>\n",
       "      <td>2.502</td>\n",
       "    </tr>\n",
       "    <tr>\n",
       "      <th>3</th>\n",
       "      <td>AD</td>\n",
       "      <td>48.806</td>\n",
       "      <td>2.503</td>\n",
       "    </tr>\n",
       "    <tr>\n",
       "      <th>4</th>\n",
       "      <td>AE</td>\n",
       "      <td>48.806</td>\n",
       "      <td>2.504</td>\n",
       "    </tr>\n",
       "  </tbody>\n",
       "</table>\n",
       "</div>"
      ],
      "text/plain": [
       "  row_names  Latitude  Longitude\n",
       "0        AA    48.806      2.500\n",
       "1        AB    48.806      2.501\n",
       "2        AC    48.806      2.502\n",
       "3        AD    48.806      2.503\n",
       "4        AE    48.806      2.504"
      ]
     },
     "execution_count": 11,
     "metadata": {},
     "output_type": "execute_result"
    }
   ],
   "source": [
    "data.head()"
   ]
  },
  {
   "cell_type": "code",
   "execution_count": 12,
   "id": "66b34266",
   "metadata": {},
   "outputs": [],
   "source": [
    "# PART TWO: GET THE DISTANCE MATRIX FROM OPENROUTESERVICE"
   ]
  },
  {
   "cell_type": "code",
   "execution_count": 13,
   "id": "e529756f",
   "metadata": {},
   "outputs": [],
   "source": [
    "# Pull Lat and Long Coords into List"
   ]
  },
  {
   "cell_type": "code",
   "execution_count": 14,
   "id": "f6bfb3b4",
   "metadata": {},
   "outputs": [],
   "source": [
    "locations = list(zip(data.Longitude, data.Latitude))"
   ]
  },
  {
   "cell_type": "code",
   "execution_count": 15,
   "id": "3ccfe26e",
   "metadata": {},
   "outputs": [
    {
     "name": "stdout",
     "output_type": "stream",
     "text": [
      "[(2.5, 48.806), (2.501, 48.806), (2.502, 48.806), (2.503, 48.806), (2.504, 48.806), (2.505, 48.806), (2.506, 48.806), (2.5, 48.806999999999995), (2.501, 48.806999999999995), (2.502, 48.806999999999995), (2.503, 48.806999999999995), (2.504, 48.806999999999995), (2.505, 48.806999999999995), (2.506, 48.806999999999995), (2.5, 48.808), (2.501, 48.808), (2.502, 48.808), (2.503, 48.808), (2.504, 48.808), (2.505, 48.808), (2.506, 48.808), (2.5, 48.809), (2.501, 48.809), (2.502, 48.809), (2.503, 48.809), (2.504, 48.809), (2.505, 48.809), (2.506, 48.809), (2.5, 48.809999999999995), (2.501, 48.809999999999995), (2.502, 48.809999999999995), (2.503, 48.809999999999995), (2.504, 48.809999999999995), (2.505, 48.809999999999995), (2.506, 48.809999999999995), (2.5, 48.811), (2.501, 48.811), (2.502, 48.811), (2.503, 48.811), (2.504, 48.811), (2.505, 48.811), (2.506, 48.811), (2.5, 48.812), (2.501, 48.812), (2.502, 48.812), (2.503, 48.812), (2.504, 48.812), (2.505, 48.812), (2.506, 48.812), (2.5, 48.812999999999995), (2.501, 48.812999999999995), (2.502, 48.812999999999995), (2.503, 48.812999999999995), (2.504, 48.812999999999995), (2.505, 48.812999999999995), (2.506, 48.812999999999995)]\n"
     ]
    },
    {
     "data": {
      "text/plain": [
       "56"
      ]
     },
     "execution_count": 15,
     "metadata": {},
     "output_type": "execute_result"
    }
   ],
   "source": [
    "print(locations)\n",
    "type(locations)\n",
    "len(locations)"
   ]
  },
  {
   "cell_type": "code",
   "execution_count": 16,
   "id": "24efa35b",
   "metadata": {},
   "outputs": [],
   "source": [
    "# Calling the API\n",
    "## Tutorial for using the API from https://www.youtube.com/watch?v=XNHU9vxGiJw"
   ]
  },
  {
   "cell_type": "code",
   "execution_count": 17,
   "id": "f5728067",
   "metadata": {},
   "outputs": [],
   "source": [
    "# Old\n",
    "body = {'locations': locations,\n",
    "       'metrics': ['distance']}\n",
    "\n",
    "headers = {\n",
    "    'Accept': 'application/json, application/geo+json, application/gpx+xml, img/png; charset=utf-8',\n",
    "    'Authorization': ORS_API_KEY,\n",
    "    'Content-Type': 'application/json; chrset=utf-8'\n",
    "}\n",
    "\n",
    "response = requests.post('https://api.openrouteservice.org/v2/matrix/foot-walking', json=body, headers=headers)"
   ]
  },
  {
   "cell_type": "code",
   "execution_count": 18,
   "id": "f965833b",
   "metadata": {},
   "outputs": [
    {
     "data": {
      "text/plain": [
       "[[0.0,\n",
       "  132.35,\n",
       "  193.28,\n",
       "  303.44,\n",
       "  376.79,\n",
       "  446.72,\n",
       "  521.71,\n",
       "  255.12,\n",
       "  166.54,\n",
       "  261.83,\n",
       "  238.06,\n",
       "  325.52,\n",
       "  381.35,\n",
       "  441.56,\n",
       "  362.82,\n",
       "  275.38,\n",
       "  324.74,\n",
       "  396.3,\n",
       "  467.37,\n",
       "  540.38,\n",
       "  551.69,\n",
       "  432.2,\n",
       "  466.81,\n",
       "  539.98,\n",
       "  558.41,\n",
       "  669.81,\n",
       "  629.68,\n",
       "  667.42,\n",
       "  913.01,\n",
       "  904.88,\n",
       "  828.89,\n",
       "  796.27,\n",
       "  791.68,\n",
       "  866.06,\n",
       "  938.65,\n",
       "  1950.04,\n",
       "  1876.3,\n",
       "  1811.61,\n",
       "  1737.53,\n",
       "  1680.77,\n",
       "  1571.19,\n",
       "  1495.53,\n",
       "  2123.45,\n",
       "  1861.6,\n",
       "  1867.25,\n",
       "  1801.2,\n",
       "  1757.92,\n",
       "  1640.2,\n",
       "  1568.36,\n",
       "  2092.0,\n",
       "  2019.08,\n",
       "  1976.79,\n",
       "  1897.56,\n",
       "  1826.88,\n",
       "  1753.26,\n",
       "  1682.72],\n",
       " [132.35,\n",
       "  0.0,\n",
       "  84.01,\n",
       "  177.91,\n",
       "  275.19,\n",
       "  321.19,\n",
       "  396.18,\n",
       "  297.74,\n",
       "  209.17,\n",
       "  304.45,\n",
       "  225.93,\n",
       "  313.39,\n",
       "  369.22,\n",
       "  429.43,\n",
       "  405.44,\n",
       "  318.0,\n",
       "  367.37,\n",
       "  438.92,\n",
       "  509.99,\n",
       "  583.0,\n",
       "  539.55,\n",
       "  474.82,\n",
       "  509.44,\n",
       "  582.6,\n",
       "  601.03,\n",
       "  712.44,\n",
       "  671.56,\n",
       "  655.29,\n",
       "  955.63,\n",
       "  947.51,\n",
       "  871.51,\n",
       "  838.89,\n",
       "  834.3,\n",
       "  908.68,\n",
       "  907.83,\n",
       "  1937.9,\n",
       "  1864.17,\n",
       "  1799.48,\n",
       "  1725.4,\n",
       "  1668.64,\n",
       "  1559.06,\n",
       "  1483.4,\n",
       "  2111.32,\n",
       "  1849.46,\n",
       "  1855.12,\n",
       "  1789.07,\n",
       "  1745.79,\n",
       "  1628.06,\n",
       "  1556.22,\n",
       "  2079.87,\n",
       "  2006.95,\n",
       "  1964.65,\n",
       "  1885.43,\n",
       "  1814.74,\n",
       "  1741.13,\n",
       "  1670.59],\n",
       " [193.28,\n",
       "  84.01,\n",
       "  0.0,\n",
       "  115.61,\n",
       "  212.9,\n",
       "  258.9,\n",
       "  333.89,\n",
       "  264.62,\n",
       "  176.05,\n",
       "  271.33,\n",
       "  143.08,\n",
       "  230.55,\n",
       "  286.38,\n",
       "  346.59,\n",
       "  372.33,\n",
       "  284.88,\n",
       "  334.25,\n",
       "  405.8,\n",
       "  476.87,\n",
       "  519.66,\n",
       "  456.71,\n",
       "  441.7,\n",
       "  476.32,\n",
       "  549.48,\n",
       "  567.91,\n",
       "  638.25,\n",
       "  588.72,\n",
       "  572.45,\n",
       "  922.51,\n",
       "  914.39,\n",
       "  838.39,\n",
       "  805.77,\n",
       "  801.18,\n",
       "  875.56,\n",
       "  824.99,\n",
       "  1855.06,\n",
       "  1781.32,\n",
       "  1716.63,\n",
       "  1642.56,\n",
       "  1585.79,\n",
       "  1476.22,\n",
       "  1400.56,\n",
       "  2028.48,\n",
       "  1766.62,\n",
       "  1772.28,\n",
       "  1706.23,\n",
       "  1662.94,\n",
       "  1545.22,\n",
       "  1473.38,\n",
       "  1997.02,\n",
       "  1924.1,\n",
       "  1881.81,\n",
       "  1802.59,\n",
       "  1731.9,\n",
       "  1658.29,\n",
       "  1587.74],\n",
       " [303.44,\n",
       "  177.91,\n",
       "  115.61,\n",
       "  0.0,\n",
       "  97.28,\n",
       "  143.28,\n",
       "  218.28,\n",
       "  374.78,\n",
       "  286.2,\n",
       "  381.49,\n",
       "  236.03,\n",
       "  206.06,\n",
       "  261.89,\n",
       "  303.14,\n",
       "  482.48,\n",
       "  395.04,\n",
       "  444.4,\n",
       "  515.96,\n",
       "  549.22,\n",
       "  476.21,\n",
       "  413.27,\n",
       "  551.86,\n",
       "  586.47,\n",
       "  659.64,\n",
       "  678.07,\n",
       "  594.81,\n",
       "  545.28,\n",
       "  529.0,\n",
       "  1032.67,\n",
       "  1024.54,\n",
       "  948.55,\n",
       "  915.93,\n",
       "  911.34,\n",
       "  854.14,\n",
       "  781.54,\n",
       "  1811.61,\n",
       "  1737.88,\n",
       "  1673.19,\n",
       "  1599.11,\n",
       "  1542.35,\n",
       "  1432.77,\n",
       "  1357.11,\n",
       "  1985.03,\n",
       "  1723.18,\n",
       "  1728.83,\n",
       "  1662.78,\n",
       "  1619.5,\n",
       "  1501.78,\n",
       "  1429.94,\n",
       "  1953.58,\n",
       "  1880.66,\n",
       "  1838.37,\n",
       "  1759.14,\n",
       "  1688.46,\n",
       "  1614.84,\n",
       "  1544.3],\n",
       " [376.79,\n",
       "  275.19,\n",
       "  212.9,\n",
       "  97.28,\n",
       "  0.0,\n",
       "  76.9,\n",
       "  151.89,\n",
       "  446.73,\n",
       "  359.56,\n",
       "  303.44,\n",
       "  138.75,\n",
       "  108.78,\n",
       "  164.6,\n",
       "  224.82,\n",
       "  554.43,\n",
       "  466.99,\n",
       "  516.35,\n",
       "  541.95,\n",
       "  470.89,\n",
       "  397.88,\n",
       "  334.94,\n",
       "  623.81,\n",
       "  658.43,\n",
       "  683.85,\n",
       "  633.01,\n",
       "  516.48,\n",
       "  466.95,\n",
       "  450.67,\n",
       "  997.91,\n",
       "  925.26,\n",
       "  849.26,\n",
       "  816.65,\n",
       "  812.06,\n",
       "  775.81,\n",
       "  703.22,\n",
       "  1733.29,\n",
       "  1659.55,\n",
       "  1594.86,\n",
       "  1520.79,\n",
       "  1464.02,\n",
       "  1354.45,\n",
       "  1278.78,\n",
       "  1906.71,\n",
       "  1644.85,\n",
       "  1650.5,\n",
       "  1584.45,\n",
       "  1541.17,\n",
       "  1423.45,\n",
       "  1351.61,\n",
       "  1875.25,\n",
       "  1802.33,\n",
       "  1760.04,\n",
       "  1680.81,\n",
       "  1610.13,\n",
       "  1536.51,\n",
       "  1465.97],\n",
       " [446.72,\n",
       "  321.19,\n",
       "  258.9,\n",
       "  143.28,\n",
       "  76.9,\n",
       "  0.0,\n",
       "  74.99,\n",
       "  518.06,\n",
       "  429.48,\n",
       "  380.34,\n",
       "  215.65,\n",
       "  185.68,\n",
       "  218.69,\n",
       "  159.86,\n",
       "  625.76,\n",
       "  538.32,\n",
       "  548.56,\n",
       "  477.0,\n",
       "  405.94,\n",
       "  332.93,\n",
       "  269.99,\n",
       "  695.14,\n",
       "  729.76,\n",
       "  618.9,\n",
       "  568.06,\n",
       "  451.53,\n",
       "  402.0,\n",
       "  385.72,\n",
       "  932.96,\n",
       "  860.31,\n",
       "  784.31,\n",
       "  751.69,\n",
       "  747.11,\n",
       "  710.86,\n",
       "  638.26,\n",
       "  1668.33,\n",
       "  1594.6,\n",
       "  1529.91,\n",
       "  1455.83,\n",
       "  1399.07,\n",
       "  1289.49,\n",
       "  1213.83,\n",
       "  1841.75,\n",
       "  1579.9,\n",
       "  1585.55,\n",
       "  1519.5,\n",
       "  1476.22,\n",
       "  1358.5,\n",
       "  1286.66,\n",
       "  1810.3,\n",
       "  1737.38,\n",
       "  1695.09,\n",
       "  1615.86,\n",
       "  1545.18,\n",
       "  1471.56,\n",
       "  1401.02],\n",
       " [521.71,\n",
       "  396.18,\n",
       "  333.89,\n",
       "  218.28,\n",
       "  151.89,\n",
       "  74.99,\n",
       "  0.0,\n",
       "  593.05,\n",
       "  504.48,\n",
       "  455.33,\n",
       "  290.64,\n",
       "  260.67,\n",
       "  170.3,\n",
       "  111.47,\n",
       "  700.76,\n",
       "  613.31,\n",
       "  500.17,\n",
       "  428.61,\n",
       "  357.55,\n",
       "  284.54,\n",
       "  221.59,\n",
       "  716.92,\n",
       "  643.67,\n",
       "  570.51,\n",
       "  519.66,\n",
       "  403.14,\n",
       "  353.6,\n",
       "  337.33,\n",
       "  884.57,\n",
       "  811.91,\n",
       "  735.92,\n",
       "  703.3,\n",
       "  698.71,\n",
       "  662.46,\n",
       "  589.87,\n",
       "  1619.94,\n",
       "  1546.21,\n",
       "  1481.52,\n",
       "  1407.44,\n",
       "  1350.68,\n",
       "  1241.1,\n",
       "  1165.44,\n",
       "  1793.36,\n",
       "  1531.5,\n",
       "  1537.16,\n",
       "  1471.11,\n",
       "  1427.83,\n",
       "  1310.1,\n",
       "  1238.26,\n",
       "  1761.91,\n",
       "  1688.99,\n",
       "  1646.69,\n",
       "  1567.47,\n",
       "  1496.78,\n",
       "  1423.17,\n",
       "  1352.63],\n",
       " [255.12,\n",
       "  297.74,\n",
       "  264.62,\n",
       "  374.78,\n",
       "  446.73,\n",
       "  518.06,\n",
       "  593.05,\n",
       "  0.0,\n",
       "  88.58,\n",
       "  143.31,\n",
       "  309.4,\n",
       "  337.97,\n",
       "  451.29,\n",
       "  505.27,\n",
       "  244.3,\n",
       "  156.86,\n",
       "  206.22,\n",
       "  277.78,\n",
       "  348.85,\n",
       "  421.86,\n",
       "  478.13,\n",
       "  313.68,\n",
       "  348.29,\n",
       "  421.46,\n",
       "  439.89,\n",
       "  551.29,\n",
       "  511.16,\n",
       "  593.86,\n",
       "  794.49,\n",
       "  786.36,\n",
       "  710.37,\n",
       "  677.75,\n",
       "  673.16,\n",
       "  747.54,\n",
       "  820.13,\n",
       "  1876.48,\n",
       "  1802.74,\n",
       "  1738.05,\n",
       "  1663.97,\n",
       "  1607.21,\n",
       "  1497.63,\n",
       "  1421.97,\n",
       "  2049.9,\n",
       "  1788.04,\n",
       "  1793.69,\n",
       "  1727.64,\n",
       "  1684.36,\n",
       "  1566.64,\n",
       "  1494.8,\n",
       "  2018.44,\n",
       "  1945.52,\n",
       "  1903.23,\n",
       "  1824.0,\n",
       "  1753.32,\n",
       "  1679.7,\n",
       "  1609.16],\n",
       " [166.54,\n",
       "  209.17,\n",
       "  176.05,\n",
       "  286.2,\n",
       "  359.56,\n",
       "  429.48,\n",
       "  504.48,\n",
       "  88.58,\n",
       "  0.0,\n",
       "  95.29,\n",
       "  220.82,\n",
       "  289.95,\n",
       "  364.12,\n",
       "  424.33,\n",
       "  196.28,\n",
       "  108.84,\n",
       "  158.2,\n",
       "  229.76,\n",
       "  300.83,\n",
       "  373.84,\n",
       "  430.11,\n",
       "  265.66,\n",
       "  300.27,\n",
       "  373.44,\n",
       "  391.87,\n",
       "  503.27,\n",
       "  463.14,\n",
       "  545.84,\n",
       "  746.47,\n",
       "  738.34,\n",
       "  662.35,\n",
       "  629.73,\n",
       "  625.14,\n",
       "  699.52,\n",
       "  772.11,\n",
       "  1828.46,\n",
       "  1754.72,\n",
       "  1690.03,\n",
       "  1615.95,\n",
       "  1559.19,\n",
       "  1449.61,\n",
       "  1373.95,\n",
       "  2001.88,\n",
       "  1740.02,\n",
       "  1745.67,\n",
       "  1679.62,\n",
       "  1636.34,\n",
       "  1518.62,\n",
       "  1446.78,\n",
       "  1970.42,\n",
       "  1897.5,\n",
       "  1855.21,\n",
       "  1775.98,\n",
       "  1705.3,\n",
       "  1631.68,\n",
       "  1561.14],\n",
       " [261.83,\n",
       "  304.45,\n",
       "  271.33,\n",
       "  381.49,\n",
       "  303.44,\n",
       "  380.34,\n",
       "  455.33,\n",
       "  143.31,\n",
       "  95.29,\n",
       "  0.0,\n",
       "  282.14,\n",
       "  194.66,\n",
       "  308.0,\n",
       "  361.98,\n",
       "  251.01,\n",
       "  163.57,\n",
       "  212.93,\n",
       "  284.49,\n",
       "  355.56,\n",
       "  397.78,\n",
       "  334.83,\n",
       "  320.38,\n",
       "  355.0,\n",
       "  428.17,\n",
       "  446.59,\n",
       "  516.38,\n",
       "  466.84,\n",
       "  450.57,\n",
       "  801.2,\n",
       "  793.07,\n",
       "  717.07,\n",
       "  684.46,\n",
       "  679.87,\n",
       "  754.25,\n",
       "  703.11,\n",
       "  1733.18,\n",
       "  1659.45,\n",
       "  1594.75,\n",
       "  1520.68,\n",
       "  1463.92,\n",
       "  1354.34,\n",
       "  1278.68,\n",
       "  1906.6,\n",
       "  1644.74,\n",
       "  1650.4,\n",
       "  1584.35,\n",
       "  1541.07,\n",
       "  1423.34,\n",
       "  1351.5,\n",
       "  1875.15,\n",
       "  1802.23,\n",
       "  1759.93,\n",
       "  1680.71,\n",
       "  1610.02,\n",
       "  1536.41,\n",
       "  1465.87],\n",
       " [238.06,\n",
       "  225.93,\n",
       "  143.08,\n",
       "  236.03,\n",
       "  138.75,\n",
       "  215.65,\n",
       "  290.64,\n",
       "  309.4,\n",
       "  220.82,\n",
       "  282.14,\n",
       "  0.0,\n",
       "  87.48,\n",
       "  143.31,\n",
       "  203.52,\n",
       "  417.1,\n",
       "  329.66,\n",
       "  379.02,\n",
       "  450.58,\n",
       "  449.59,\n",
       "  376.59,\n",
       "  313.64,\n",
       "  486.48,\n",
       "  521.1,\n",
       "  594.26,\n",
       "  612.69,\n",
       "  495.19,\n",
       "  445.65,\n",
       "  429.38,\n",
       "  967.29,\n",
       "  903.96,\n",
       "  827.97,\n",
       "  795.35,\n",
       "  790.76,\n",
       "  754.51,\n",
       "  681.92,\n",
       "  1711.99,\n",
       "  1638.25,\n",
       "  1573.56,\n",
       "  1499.49,\n",
       "  1442.72,\n",
       "  1333.15,\n",
       "  1257.49,\n",
       "  1885.41,\n",
       "  1623.55,\n",
       "  1629.21,\n",
       "  1563.16,\n",
       "  1519.87,\n",
       "  1402.15,\n",
       "  1330.31,\n",
       "  1853.95,\n",
       "  1781.04,\n",
       "  1738.74,\n",
       "  1659.52,\n",
       "  1588.83,\n",
       "  1515.22,\n",
       "  1444.67],\n",
       " [325.52,\n",
       "  313.39,\n",
       "  230.55,\n",
       "  206.06,\n",
       "  108.78,\n",
       "  185.68,\n",
       "  260.67,\n",
       "  337.97,\n",
       "  289.95,\n",
       "  194.66,\n",
       "  87.48,\n",
       "  0.0,\n",
       "  113.34,\n",
       "  173.55,\n",
       "  445.67,\n",
       "  358.23,\n",
       "  407.59,\n",
       "  479.15,\n",
       "  404.62,\n",
       "  331.62,\n",
       "  268.67,\n",
       "  515.05,\n",
       "  549.67,\n",
       "  622.83,\n",
       "  566.74,\n",
       "  450.21,\n",
       "  400.68,\n",
       "  384.41,\n",
       "  931.64,\n",
       "  858.99,\n",
       "  783.0,\n",
       "  750.38,\n",
       "  745.79,\n",
       "  709.54,\n",
       "  636.95,\n",
       "  1667.02,\n",
       "  1593.28,\n",
       "  1528.59,\n",
       "  1454.52,\n",
       "  1397.75,\n",
       "  1288.18,\n",
       "  1212.51,\n",
       "  1840.44,\n",
       "  1578.58,\n",
       "  1584.24,\n",
       "  1518.19,\n",
       "  1474.9,\n",
       "  1357.18,\n",
       "  1285.34,\n",
       "  1808.98,\n",
       "  1736.06,\n",
       "  1693.77,\n",
       "  1614.54,\n",
       "  1543.86,\n",
       "  1470.25,\n",
       "  1399.7],\n",
       " [381.35,\n",
       "  369.22,\n",
       "  286.38,\n",
       "  261.89,\n",
       "  164.6,\n",
       "  218.69,\n",
       "  170.3,\n",
       "  451.29,\n",
       "  364.12,\n",
       "  308.0,\n",
       "  143.31,\n",
       "  113.34,\n",
       "  0.0,\n",
       "  60.21,\n",
       "  559.0,\n",
       "  471.55,\n",
       "  448.91,\n",
       "  377.35,\n",
       "  306.29,\n",
       "  233.28,\n",
       "  170.34,\n",
       "  628.37,\n",
       "  592.42,\n",
       "  519.25,\n",
       "  468.41,\n",
       "  351.88,\n",
       "  302.35,\n",
       "  286.08,\n",
       "  833.31,\n",
       "  760.66,\n",
       "  684.66,\n",
       "  652.05,\n",
       "  647.46,\n",
       "  611.21,\n",
       "  538.62,\n",
       "  1568.69,\n",
       "  1494.95,\n",
       "  1430.26,\n",
       "  1356.19,\n",
       "  1299.42,\n",
       "  1189.85,\n",
       "  1114.18,\n",
       "  1742.11,\n",
       "  1480.25,\n",
       "  1485.9,\n",
       "  1419.85,\n",
       "  1376.57,\n",
       "  1258.85,\n",
       "  1187.01,\n",
       "  1710.65,\n",
       "  1637.73,\n",
       "  1595.44,\n",
       "  1516.21,\n",
       "  1445.53,\n",
       "  1371.92,\n",
       "  1301.37],\n",
       " [441.56,\n",
       "  429.43,\n",
       "  346.59,\n",
       "  303.14,\n",
       "  224.82,\n",
       "  159.86,\n",
       "  111.47,\n",
       "  505.27,\n",
       "  424.33,\n",
       "  361.98,\n",
       "  203.52,\n",
       "  173.55,\n",
       "  60.21,\n",
       "  0.0,\n",
       "  612.97,\n",
       "  525.53,\n",
       "  388.7,\n",
       "  317.14,\n",
       "  246.08,\n",
       "  173.07,\n",
       "  110.13,\n",
       "  605.46,\n",
       "  532.2,\n",
       "  459.04,\n",
       "  408.2,\n",
       "  291.67,\n",
       "  242.13,\n",
       "  225.86,\n",
       "  773.1,\n",
       "  700.45,\n",
       "  624.45,\n",
       "  591.83,\n",
       "  587.25,\n",
       "  550.99,\n",
       "  478.4,\n",
       "  1508.47,\n",
       "  1434.74,\n",
       "  1370.05,\n",
       "  1295.97,\n",
       "  1239.21,\n",
       "  1129.63,\n",
       "  1053.97,\n",
       "  1681.89,\n",
       "  1420.04,\n",
       "  1425.69,\n",
       "  1359.64,\n",
       "  1316.36,\n",
       "  1198.64,\n",
       "  1126.8,\n",
       "  1650.44,\n",
       "  1577.52,\n",
       "  1535.23,\n",
       "  1456.0,\n",
       "  1385.32,\n",
       "  1311.7,\n",
       "  1241.16],\n",
       " [362.82,\n",
       "  405.44,\n",
       "  372.33,\n",
       "  482.48,\n",
       "  554.43,\n",
       "  625.76,\n",
       "  700.76,\n",
       "  244.3,\n",
       "  196.28,\n",
       "  251.01,\n",
       "  417.1,\n",
       "  445.67,\n",
       "  559.0,\n",
       "  612.97,\n",
       "  0.0,\n",
       "  87.44,\n",
       "  235.28,\n",
       "  306.84,\n",
       "  377.91,\n",
       "  450.92,\n",
       "  513.84,\n",
       "  159.81,\n",
       "  194.42,\n",
       "  267.59,\n",
       "  372.67,\n",
       "  435.01,\n",
       "  484.55,\n",
       "  627.44,\n",
       "  573.61,\n",
       "  670.08,\n",
       "  594.09,\n",
       "  561.47,\n",
       "  556.88,\n",
       "  631.26,\n",
       "  703.85,\n",
       "  1914.07,\n",
       "  1840.34,\n",
       "  1775.65,\n",
       "  1701.57,\n",
       "  1644.81,\n",
       "  1535.23,\n",
       "  1459.57,\n",
       "  2087.49,\n",
       "  1825.63,\n",
       "  1831.29,\n",
       "  1765.24,\n",
       "  1721.96,\n",
       "  1604.23,\n",
       "  1532.39,\n",
       "  2056.04,\n",
       "  1983.12,\n",
       "  1940.82,\n",
       "  1861.6,\n",
       "  1790.91,\n",
       "  1717.3,\n",
       "  1646.76],\n",
       " [275.38,\n",
       "  318.0,\n",
       "  284.88,\n",
       "  395.04,\n",
       "  466.99,\n",
       "  538.32,\n",
       "  613.31,\n",
       "  156.86,\n",
       "  108.84,\n",
       "  163.57,\n",
       "  329.66,\n",
       "  358.23,\n",
       "  471.55,\n",
       "  525.53,\n",
       "  87.44,\n",
       "  0.0,\n",
       "  147.84,\n",
       "  219.4,\n",
       "  290.47,\n",
       "  363.48,\n",
       "  426.4,\n",
       "  156.91,\n",
       "  191.52,\n",
       "  264.69,\n",
       "  369.77,\n",
       "  432.11,\n",
       "  481.65,\n",
       "  540.0,\n",
       "  637.72,\n",
       "  667.18,\n",
       "  591.19,\n",
       "  558.57,\n",
       "  553.98,\n",
       "  628.36,\n",
       "  700.95,\n",
       "  1822.61,\n",
       "  1748.87,\n",
       "  1684.18,\n",
       "  1610.11,\n",
       "  1553.34,\n",
       "  1443.77,\n",
       "  1368.1,\n",
       "  1996.03,\n",
       "  1734.17,\n",
       "  1739.82,\n",
       "  1673.78,\n",
       "  1630.49,\n",
       "  1512.77,\n",
       "  1440.93,\n",
       "  1964.57,\n",
       "  1891.65,\n",
       "  1849.36,\n",
       "  1770.13,\n",
       "  1699.45,\n",
       "  1625.84,\n",
       "  1555.29],\n",
       " [324.74,\n",
       "  367.37,\n",
       "  334.25,\n",
       "  444.4,\n",
       "  516.35,\n",
       "  548.56,\n",
       "  500.17,\n",
       "  206.22,\n",
       "  158.2,\n",
       "  212.93,\n",
       "  379.02,\n",
       "  407.59,\n",
       "  448.91,\n",
       "  388.7,\n",
       "  235.28,\n",
       "  147.84,\n",
       "  0.0,\n",
       "  71.56,\n",
       "  142.63,\n",
       "  215.64,\n",
       "  278.58,\n",
       "  304.66,\n",
       "  339.28,\n",
       "  338.75,\n",
       "  233.67,\n",
       "  345.09,\n",
       "  304.94,\n",
       "  392.17,\n",
       "  652.81,\n",
       "  580.16,\n",
       "  504.17,\n",
       "  471.55,\n",
       "  466.96,\n",
       "  541.34,\n",
       "  613.93,\n",
       "  1674.78,\n",
       "  1601.05,\n",
       "  1536.36,\n",
       "  1462.28,\n",
       "  1405.52,\n",
       "  1295.94,\n",
       "  1220.28,\n",
       "  1848.2,\n",
       "  1586.35,\n",
       "  1592.0,\n",
       "  1525.95,\n",
       "  1482.67,\n",
       "  1364.95,\n",
       "  1293.11,\n",
       "  1816.75,\n",
       "  1743.83,\n",
       "  1701.54,\n",
       "  1622.31,\n",
       "  1551.63,\n",
       "  1478.01,\n",
       "  1407.47],\n",
       " [396.3,\n",
       "  438.92,\n",
       "  405.8,\n",
       "  515.96,\n",
       "  541.95,\n",
       "  477.0,\n",
       "  428.61,\n",
       "  277.78,\n",
       "  229.76,\n",
       "  284.49,\n",
       "  450.58,\n",
       "  479.15,\n",
       "  377.35,\n",
       "  317.14,\n",
       "  306.84,\n",
       "  219.4,\n",
       "  71.56,\n",
       "  0.0,\n",
       "  71.07,\n",
       "  144.08,\n",
       "  207.02,\n",
       "  376.22,\n",
       "  340.36,\n",
       "  267.19,\n",
       "  162.11,\n",
       "  273.54,\n",
       "  233.39,\n",
       "  320.61,\n",
       "  581.25,\n",
       "  508.6,\n",
       "  432.61,\n",
       "  399.99,\n",
       "  395.4,\n",
       "  469.78,\n",
       "  542.37,\n",
       "  1603.23,\n",
       "  1529.49,\n",
       "  1464.8,\n",
       "  1390.72,\n",
       "  1333.96,\n",
       "  1224.39,\n",
       "  1148.72,\n",
       "  1776.65,\n",
       "  1514.79,\n",
       "  1520.44,\n",
       "  1454.39,\n",
       "  1411.11,\n",
       "  1293.39,\n",
       "  1221.55,\n",
       "  1745.19,\n",
       "  1672.27,\n",
       "  1629.98,\n",
       "  1550.75,\n",
       "  1480.07,\n",
       "  1406.45,\n",
       "  1335.91],\n",
       " [467.37,\n",
       "  509.99,\n",
       "  476.87,\n",
       "  549.22,\n",
       "  470.89,\n",
       "  405.94,\n",
       "  357.55,\n",
       "  348.85,\n",
       "  300.83,\n",
       "  355.56,\n",
       "  449.59,\n",
       "  404.62,\n",
       "  306.29,\n",
       "  246.08,\n",
       "  377.91,\n",
       "  290.47,\n",
       "  142.63,\n",
       "  71.07,\n",
       "  0.0,\n",
       "  73.01,\n",
       "  135.95,\n",
       "  413.63,\n",
       "  340.37,\n",
       "  267.21,\n",
       "  162.12,\n",
       "  273.55,\n",
       "  230.37,\n",
       "  249.55,\n",
       "  581.27,\n",
       "  508.62,\n",
       "  432.62,\n",
       "  400.01,\n",
       "  395.42,\n",
       "  469.8,\n",
       "  502.09,\n",
       "  1532.16,\n",
       "  1458.43,\n",
       "  1393.74,\n",
       "  1319.66,\n",
       "  1262.9,\n",
       "  1153.32,\n",
       "  1077.66,\n",
       "  1705.58,\n",
       "  1443.72,\n",
       "  1449.38,\n",
       "  1383.33,\n",
       "  1340.05,\n",
       "  1222.32,\n",
       "  1150.48,\n",
       "  1674.13,\n",
       "  1601.21,\n",
       "  1558.91,\n",
       "  1479.69,\n",
       "  1409.0,\n",
       "  1335.39,\n",
       "  1264.85],\n",
       " [540.38,\n",
       "  583.0,\n",
       "  519.66,\n",
       "  476.21,\n",
       "  397.88,\n",
       "  332.93,\n",
       "  284.54,\n",
       "  421.86,\n",
       "  373.84,\n",
       "  397.78,\n",
       "  376.59,\n",
       "  331.62,\n",
       "  233.28,\n",
       "  173.07,\n",
       "  450.92,\n",
       "  363.48,\n",
       "  215.64,\n",
       "  144.08,\n",
       "  73.01,\n",
       "  0.0,\n",
       "  62.95,\n",
       "  486.63,\n",
       "  413.38,\n",
       "  340.22,\n",
       "  235.13,\n",
       "  206.9,\n",
       "  157.36,\n",
       "  176.54,\n",
       "  654.28,\n",
       "  581.62,\n",
       "  505.63,\n",
       "  473.01,\n",
       "  468.42,\n",
       "  501.68,\n",
       "  429.08,\n",
       "  1459.16,\n",
       "  1385.42,\n",
       "  1320.73,\n",
       "  1246.65,\n",
       "  1189.89,\n",
       "  1080.31,\n",
       "  1004.65,\n",
       "  1632.58,\n",
       "  1370.72,\n",
       "  1376.37,\n",
       "  1310.32,\n",
       "  1267.04,\n",
       "  1149.32,\n",
       "  1077.48,\n",
       "  1601.12,\n",
       "  1528.2,\n",
       "  1485.91,\n",
       "  1406.68,\n",
       "  1336.0,\n",
       "  1262.38,\n",
       "  1191.84],\n",
       " [551.69,\n",
       "  539.55,\n",
       "  456.71,\n",
       "  413.27,\n",
       "  334.94,\n",
       "  269.99,\n",
       "  221.59,\n",
       "  478.13,\n",
       "  430.11,\n",
       "  334.83,\n",
       "  313.64,\n",
       "  268.67,\n",
       "  170.34,\n",
       "  110.13,\n",
       "  513.84,\n",
       "  426.4,\n",
       "  278.58,\n",
       "  207.02,\n",
       "  135.95,\n",
       "  62.95,\n",
       "  0.0,\n",
       "  495.33,\n",
       "  422.08,\n",
       "  348.91,\n",
       "  298.07,\n",
       "  181.54,\n",
       "  132.01,\n",
       "  115.74,\n",
       "  662.97,\n",
       "  590.32,\n",
       "  514.33,\n",
       "  481.71,\n",
       "  477.12,\n",
       "  440.87,\n",
       "  368.28,\n",
       "  1398.35,\n",
       "  1324.61,\n",
       "  1259.92,\n",
       "  1185.85,\n",
       "  1129.08,\n",
       "  1019.51,\n",
       "  943.85,\n",
       "  1571.77,\n",
       "  1309.91,\n",
       "  1315.57,\n",
       "  1249.52,\n",
       "  1206.23,\n",
       "  1088.51,\n",
       "  1016.67,\n",
       "  1540.31,\n",
       "  1467.4,\n",
       "  1425.1,\n",
       "  1345.88,\n",
       "  1275.19,\n",
       "  1201.58,\n",
       "  1131.03],\n",
       " [432.2,\n",
       "  474.82,\n",
       "  441.7,\n",
       "  551.86,\n",
       "  623.81,\n",
       "  695.14,\n",
       "  716.92,\n",
       "  313.68,\n",
       "  265.66,\n",
       "  320.38,\n",
       "  486.48,\n",
       "  515.05,\n",
       "  628.37,\n",
       "  605.46,\n",
       "  159.81,\n",
       "  156.91,\n",
       "  304.66,\n",
       "  376.22,\n",
       "  413.63,\n",
       "  486.63,\n",
       "  495.33,\n",
       "  0.0,\n",
       "  73.25,\n",
       "  146.42,\n",
       "  251.5,\n",
       "  313.84,\n",
       "  363.38,\n",
       "  571.46,\n",
       "  480.82,\n",
       "  548.91,\n",
       "  472.91,\n",
       "  440.3,\n",
       "  435.71,\n",
       "  510.08,\n",
       "  582.68,\n",
       "  1792.9,\n",
       "  1719.16,\n",
       "  1654.47,\n",
       "  1580.4,\n",
       "  1523.64,\n",
       "  1414.06,\n",
       "  1338.4,\n",
       "  1966.32,\n",
       "  1704.46,\n",
       "  1710.12,\n",
